27734130640
27733914774
27733504633
27733493862
27733478896
27733475264
27733470626
27733469669
27733464677
27733464379
27733456036
27733422471
27733417283
27733409864
27733403947
27733402980
27733355866
27733355837
27732075590
27731855359
27731852540
27731759665
27731582436
27731579678
27731471568
27731470790
27731470102
27731467471
27731464987
27731464850
27731461329
27731459286
27731457799
27731452384
27731452260
27731450046
27731447764
27731447119
27731444463
27731443760
27731442739
27731442497
27731441255
27731441111
27731440680
27731440530
27731436038
27731435865
27731432253
27731431884
27731430837
27731428793
27731423689
27731421959
27731421351
27731418164
27731415520
27731415483
27731412580
27731412079
27731409073
27731408932
27731408742
27731408549
27731403401
27731402248
27731401452
27731401264
27731400034
27731398823
27731398431
27731397014
27731396796
27731394319
27731393297
27731392696
27731391631
27731390124
27731386421
27731384637
27731384410
27731381929
27731375217
27731374438
27731373709
27731373647
27731370586
27731369616
27731369309
27731369005
27731368310
27731366788
27731366490
27731366475
27731366226
27731356976
27731355913
27731355075
27731350632
27731350354
27731348323
27731344094
27731343578
27731341735
27731341651
27731340141
27731339370
27731339104
27731337586
27731335234
27731334984
27731333199
27731332324
27731332211
27731327914
27731326008
27731325913
27731324928
27731323449
27731320901
27731319945
27731319646
27731319577
27731318051
27731317565
27731317293
27731314818
27731314609
27731314193
27731313772
27731313398
27731312768
27731310318
27731308142
27731307832
27731307242
27731306230
27731305478
27731304169
27731303347
27731302068
27731301114
27731300689
27731300185
27731296731
27731296115
27731295482
27731295426
27731294836
27731294420
27731293126
27731292525
27731290020
27731289933
27731289198
27731288854
27731283015
27731282619
27731282171
27731278111
27731276526
27731271460
27731271317
27731268499
27731268382
27731266905
27731266394
27731265564
27731265382
27731264721
27731263886
27731261448
27731261440
27731260589
27731256339
27731255470
27731255460
27731253355
27731249322
27731248864
27731248164
27731247518
27731246364
27731246196
27731245367
27731243245
27731242499
27731238661
27731238572
27731238564
27731238257
27731237074
27731236852
27731236244
27731235279
27731234545
27731233425
27731232919
27731232565
27731229650
27731228835
27731228193
27731225970
27731225649
27731225335
27731223977
27731221847
27731221147
27731219064
27731219051
27731219021
27731217538
27731215543
27731209988
27731208052
27731206056
27731204736
27731204142
27731202999
27731202795
27731199919
27731199426
27731197521
27731196119
27731195345
27731193773
27731193734
27731192903
27731190064
27731188583
27731180903
27731179577
27731179319
27731177477
27731176197
27731175904
27731174470
27731168976
27731168201
27731167007
27731166770
27731164959
27731164215
27731163987
27731160663
27731160526
27731157567
27731154094
27731151607
27731151003
27731150607
27731150034
27731149781
27731149504
27731149190
27731148207
27731148117
27731147568
27731146809
27731146066
27731143250
27731142430
27731140347
27731140184
27731138195
27731137561
27731130328
27731128571
27731128120
27731125954
27731125441
27731124739
27731124568
27731123111
27731122643
27731122326
27731121698
27731120799
27731119658
27731117710
27731114164
27731114127
27731113236
27731112649
27731111781
27731111111
27731109815
27731109610
27731108667
27731107254
27731095829
27731092655
27731092026
27731090292
27731090114
27731089886
27731088188
27731086322
27731085187
27731085017
27731084190
27731083003
27731082101
27731081423
27731080888
27731075553
27731071382
27731071109
27731068457
27731067610
27731067323
27731065940
27731064934
27731060776
27731059114
27731051664
27731049231
27731047932
27731047224
27731045864
27731045666
27731041903
27731041109
27731039510
27731039107
27731037725
27731035923
27731034292
27731033379
27731033322
27731032414
27731030532
27731028867
27731027580
27731025299
27731024772
27731024109
27731019726
27731018000
27731014768
27731014335
27731013798
27731013671
27731013165
27731012644
27731008580
27731003599
27731002861
27731002533
27731002161
27731002002
27731001548
27730995830
27730995039
27730992874
27730989710
27730989353
27730982249
27730980552
27730980377
27730976644
27730976436
27730974889
27730972353
27730972324
27730970711
27730969789
27730969488
27730969122
27730967424
27730965630
27730958208
27730956772
27730956403
27730950523
27730948333
27730948205
27730947220
27730945674
27730945507
27730945135
27730941183
27730938014
27730937725
27730937069
27730936227
27730934485
27730933766
27730933261
27730933013
27730932489
27730931408
27730929038
27730928562
27730926465
27730925167
27730921541
27730918251
27730915500
27730914878
27730914595
27730913878
27730912964
27730911887
27730909954
27730909493
27730907003
27730900683
27730898227
27730897726
27730895720
27730894099
27730891238
27730890416
27730888648
27730888313
27730887228
27730886781
27730886528
27730886361
27730885474
27730882054
27730881323
27730880303
27730879588
27730879271
27730875165
27730874484
27730874249
27730872615
27730871466
27730870371
27730870074
27730869674
27730868527
27730864090
27730856500
27730854971
27730854347
27730852874
27730850561
27730848544
27730846526
27730846456
27730845219
27730844649
27730843290
27730841017
27730840138
27730839265
27730838085
27730837146
27730836462
27730836452
27730836087
27730834713
27730832408
27730831861
27730830353
27730830327
27730829194
27730827174
27730823000
27730820151
27730819267
27730817218
27730813691
27730813491
27730810163
27730807947
27730807621
27730805814
27730803793
27730802847
27730802133
27730799696
27730796786
27730794583
27730791249
27730789548
27730786903
27730786823
27730783614
27730781856
27730780191
27730775875
27730775330
27730774455
27730768918
27730768782
27730767755
27730767200
27730766735
27730763657
27730763331
27730761636
27730761334
27730760757
27730758043
27730752729
27730750377
27730747000
27730746016
27730745692
27730745222
27730745098
27730744305
27730744184
27730744164
27730742646
27730741992
27730739788
27730739321
27730738746
27730738588
27730738182
27730733077
27730732639
27730732537
27730730855
27730727357
27730725522
27730724084
27730720769
27730720454
27730720206
27730718842
27730716703
27730716252
27730715752
27730714317
27730713050
27730711752
27730710450
27730709739
27730707264
27730705809
27730703735
27730701846
27730699294
27730696356
27730695916
27730693286
27730690890
27730689736
27730687430
27730687186
27730686632
27730686629
27730685956
27730681844
27730680925
27730680787
27730680258
27730680061
27730680011
27730678985
27730678284
27730677936
27730677286
27730675570
27730675549
27730671683
27730670678
27730669827
27730666920
27730666466
27730661304
27730661177
27730659237
27730657952
27730656391
27730656084
27730648627
27730646664
27730645070
27730643416
27730638527
27730638507
27730637522
27730635164
27730634248
27730633637
27730633523
27730631066
27730627085
27730620862
27730620500
27730616150
27730614698
27730610067
27730604061
27730600704
27730599625
27730599502
27730595633
27730594178
27730593147
27730592959
27730591472
27730591471
27730585676
27730583701
27730580715
27730580199
27730579512
27730573654
27730573057
27730572414
27730572329
27730569018
27730568788
27730568467
27730568335
27730563940
27730560785
27730559269
27730553261
27730552195
27730550871
27730550241
27730546664
27730545760
27730544761
27730544409
27730541744
27730541461
27730536138
27730534652
27730534058
27730533882
27730532615
27730532350
27730526768
27730526525
27730525677
27730525530
27730525249
27730524335
27730522992
27730515611
27730512971
27730512234
27730509817
27730509031
27730507434
27730503639
27730500610
27730500018
27730497974
27730497340
27730496425
27730495950
27730493915
27730492911
27730492342
27730491060
27730490991
27730486267
27730481624
27730477682
27730477521
27730475511
27730473102
27730472848
27730472665
27730472137
27730470128
27730469058
27730467467
27730467181
27730467014
27730466089
27730464652
27730463911
27730455901
27730452878
27730451966
27730447747
27730447650
27730445017
27730444805
27730444375
27730443856
27730442116
27730441926
27730441757
27730440871
27730437513
27730436992
27730434899
27730433709
27730432258
27730432050
27730431259
27730428601
27730427583
27730427443
27730425959
27730424132
27730422842
27730422830
27730421488
27730420886
27730415201
27730408521
27730405624
27730405112
27730404659
27730398077
27730394947
27730390292
27730388621
27730387994
27730385889
27730382673
27730382653
27730380326
27730375686
27730372493
27730371114
27730369132
27730365160
27730363528
27730361817
27730361574
27730361247
27730360480
27730360056
27730360032
27730359982
27730359698
27730359311
27730356887
27730356740
27730355351
27730353917
27730353583
27730353550
27730352635
27730351900
27730346014
27730345752
27730343237
27730342864
27730342386
27730341790
27730341521
27730341448
27730341155
27730339664
27730339516
27730338690
27730338246
27730337880
27730337846
27730337755
27730337611
27730336996
27730336111
27730332036
27730330002
27730325602
27730325029
27730323343
27730322383
27730321391
27730319275
27730318486
27730315143
27730314236
27730313440
27730312868
27730309539
27730305567
27730304669
27730301003
27730298477
27730295919
27730294726
27730293607
27730290627
27730287753
27730287494
27730286276
27730284799
27730284288
27730284203
27730284185
27730284106
27730283246
27730282933
27730282311
27730280738
27730277564
27730276930
27730276913
27730275432
27730275275
27730274469
27730273571
27730272321
27730268302
27730265745
27730265392
27730265222
27730264001
27730262996
27730261975
27730259546
27730257549
27730256539
27730256337
27730255354
27730251845
27730251369
27730249080
27730247592
27730245294
27730241805
27730241094
27730240075
27730238116
27730236616
27730236311
27730236107
27730225539
27730224469
27730223628
27730222523
27730222013
27730221076
27730217751
27730217622
27730216470
27730215509
27730215184
27730214668
27730212553
27730211098
27730210859
27730210533
27730209918
27730209316
27730208485
27730207744
27730207292
27730205515
27730202197
27730196614
27730195073
27730194732
27730189256
27730188213
27730186447
27730184718
27730183742
27730182391
27730179115
27730171504
27730170824
27730168150
27730167834
27730163489
27730163358
27730159807
27730154319
27730152225
27730150579
27730149100
27730147597
27730146389
27730143802
27730143145
27730139891
27730139678
27730137763
27730132124
27730130858
27730128643
27730127688
27730127616
27730126704
27730126410
27730126056
27730125322
27730124578
27730120118
27730118674
27730118129
27730115335
27730114326
27730111702
27730111167
27730109327
27730105949
27730103569
27730100734
27730099043
27730098180
27730096518
27730093120
27730088776
27730087794
27730086533
27730084623
27730084093
27730082409
27730079984
27730079693
27730078770
27730077086
27730073408
27730073074
27730071892
27730069662
27730069469
27730066568
27730064955
27730064889
27730061448
27730059102
27730058094
27730057162
27730056773
27730055906
27730054340
27730049737
27730048016
27730044986
27730041903
27730041724
27730040880
27730040317
27730039891
27730037827
27730034436
27730033153
27730030774
27730029855
27730025001
27730022605
27730019123
27730015235
27730014230
27730009168
27730007539
27730005899
27730005591
27730000946
27730000330
27729999079
27729998581
27729996659
27729996367
27729995201
27729994550
27729991725
27729991002
27729990381
27729988384
27729988020
27729986968
27729986845
27729986425
27729986364
27729985987
27729983773
27729983760
27729983030
27729980836
27729980235
27729978625
27729978070
27729978001
27729977236
27729976130
27729975772
27729974125
27729972365
27729967244
27729966024
27729964607
27729963877
27729963771
27729963136
27729962358
27729961789
27729959931
27729959826
27729959632
27729958573
27729957679
27729953997
27729953945
27729953772
27729953427
27729952619
27729950347
27729947367
27729947124
27729944285
27729943776
27729942741
27729940934
27729936522
27729934896
27729932889
27729931429
27729930520
27729930062
27729929677
27729928427
27729928390
27729927935
27729927408
27729927343
27729926426
27729925440
27729924966
27729921274
27729920046
27729917898
27729917092
27729914354
27729912493
27729912305
27729912278
27729908624
27729906048
27729905541
27729904845
27729904341
27729904137
27729901805
27729901776
27729900046
27729899670
27729898684
27729898460
27729895778
27729895550
27729894609
27729893828
27729893087
27729892613
27729891735
27729891079
27729889918
27729888917
27729888005
27729887813
27729885193
27729883119
27729882966
27729881471
27729880775
27729880687
27729880664
27729880637
27729880530
27729878980
27729877184
27729876961
27729876211
27729874254
27729872461
27729871397
27729870078
27729866087
27729865961
27729865646
27729864562
27729864531
27729863937
27729861684
27729860395
27729860040
27729859730
27729855785
27729855529
27729852566
27729849355
27729848786
27729847025
27729846596
27729843414
27729843168
27729842282
27729842062
27729834238
27729834074
27729833344
27729832879
27729829379
27729827001
27729826679
27729826667
27729826302
27729825646
27729824702
27729822916
27729821671
27729820236
27729818729
27729817487
27729816004
27729813630
27729813614
27729808092
27729805521
27729804534
27729802926
27729801995
27729799226
27729796956
27729796096
27729793738
27729792379
27729790326
27729790026
27729788564
27729788197
27729788169
27729788143
27729787889
27729781285
27729780952
27729779517
27729776837
27729773694
27729770234
27729769579
27729767522
27729765160
27729764605
27729764220
27729762614
27729762109
27729761980
27729761446
27729761346
27729754626
27729752841
27729752802
27729749815
27729749384
27729749123
27729748672
27729747078
27729745491
27729744289
27729741277
27729738124
27729733607
27729729266
27729726812
27729724123
27729723107
27729722057
27729721979
27729721762
27729720829
27729717866
27729717433
27729716420
27729716112
27729708344
27729705217
27729703743
27729701050
27729701047
27729699461
27729699141
27729698999
27729696859
27729696410
27729695308
27729694155
27729693994
27729692433
27729689136
27729688650
27729687852
27729684165
27729681692
27729681390
27729680661
27729680480
27729678258
27729678059
27729675664
27729670295
27729669578
27729666863
27729664771
27729664339
27729663402
27729662343
27729661276
27729660780
27729655873
27729654795
27729652859
27729650401
27729648745
27729646063
27729644304
27729643866
27729642979
27729642629
27729640686
27729639171
27729638333
27729635265
27729635197
27729634560
27729629389
27729626745
27729626060
27729624511
27729620905
27729620131
27729619448
27729617089
27729616713
27729616529
27729615743
27729615041
27729614286
27729613409
27729613027
27729612127
27729611236
27729609076
27729609032
27729607350
27729605220
27729604567
27729601863
27729600045
27729600002
27729599658
27729599511
27729592910
27729592369
27729589063
27729586979
27729586813
27729585757
27729582383
27729580995
27729576731
27729574956
27729574703
27729573157
27729571608
27729570922
27729570113
27729569744
27729568332
27729567843
27729566860
27729563834
27729562695
27729561351
27729559879
27729559456
27729557963
27729555337
27729554831
27729554777
27729554543
27729553227
27729551998
27729550670
27729549884
27729547903
27729547736
27729545837
27729543561
27729542666
27729542423
27729542039
27729540309
27729535581
27729533438
27729532790
27729532289
27729530288
27729529648
27729528955
27729527146
27729525858
27729524824
27729523348
27729522589
27729522541
27729521874
27729520638
27729519924
27729519588
27729514537
27729511668
27729509817
27729507418
27729507337
27729506252
27729505731
27729504620
27729504163
27729503618
27729503328
27729503002
27729502526
27729502462
27729502434
27729502005
27729501272
27729497920
27729493908
27729492724
27729492374
27729486138
27729480575
27729479933
27729479070
27729478461
27729477534
27729477325
27729473553
27729472731
27729472472
27729472100
27729471320
27729468768
27729468497
27729466862
27729466434
27729464199
27729460399
27729456683
27729454997
27729454768
27729454579
27729452259
27729452151
27729451983
27729448943
27729448431
27729447085
27729445902
27729445755
27729445530
27729442322
27729441105
27729436919
27729436857
27729435530
27729433520
27729431560
27729428509
27729426202
27729425069
27729423635
27729422557
27729422075
27729421365
27729412455
27729412419
27729409484
27729409323
27729406699
27729405807
27729405556
27729401935
27729400234
27729396517
27729395311
27729393957
27729393560
27729393229
27729390205
27729389848
27729389322
27729386541
27729386263
27729384042
27729384015
27729383663
27729383048
27729382298
27729380689
27729379888
27729379886
27729379078
27729378342
27729377895
27729373403
27729370018
27729368397
27729367268
27729366674
27729366460
27729365519
27729365372
27729365153
27729363204
27729362282
27729361702
27729357518
27729355645
27729355342
27729351594
27729351432
27729350669
27729347626
27729345016
27729343418
27729341710
27729341088
27729339818
27729338863
27729336606
27729336230
27729334524
27729333714
27729331971
27729331467
27729330317
27729328970
27729328685
27729326987
27729326142
27729325760
27729325682
27729325088
27729319843
27729319824
27729319813
27729319651
27729319599
27729318967
27729318801
27729318761
27729317481
27729310774
27729309959
27729309741
27729307944
27729307520
27729305976
27729305431
27729304787
27729304355
27729304258
27729300836
27729300776
27729300562
27729300106
27729299757
27729299584
27729298768
27729297167
27729295873
27729295545
27729293190
27729287859
27729286987
27729285509
27729282596
27729280044
27729279186
27729278844
27729278521
27729276515
27729275252
27729273309
27729271432
27729270929
27729269966
27729267753
27729263890
27729263599
27729262925
27729260591
27729260588
27729260381
27729259860
27729259272
27729257240
27729256741
27729254412
27729254262
27729253862
27729252424
27729248934
27729248759
27729247960
27729247280
27729246981
27729240947
27729237277
27729235832
27729234810
27729233738
27729233350
27729232633
27729230404
27729230187
27729229009
27729228530
27729227636
27729226444
27729225707
27729225317
27729224837
27729222500
27729220773
27729220015
27729219130
27729217961
27729217543
27729215959
27729215542
27729214847
27729210953
27729210063
27729209031
27729206299
27729206276
27729206029
27729204380
27729204052
27729202921
27729202883
27729202437
27729200490
27729198125
27729197757
27729197605
27729197370
27729197241
27729196380
27729195922
27729194384
27729193464
27729192294
27729189890
27729187440
27729186834
27729183845
27729179529
27729179289
27729176739
27729175913
27729174503
27729174064
27729172320
27729169406
27729168914
27729168614
27729167847
27729167801
27729167482
27729165990
27729164491
27729164060
27729163171
27729162349
27729161302
27729160223
27729159534
27729154717
27729152226
27729151447
27729148985
27729144755
27729143344
27729142910
27729141643
27729141095
27729139704
27729137798
27729136312
27729132087
27729131805
27729130216
27729128847
27729128483
27729122506
27729121839
27729120462
27729120428
27729120217
27729119500
27729118465
27729117673
27729117651
27729116817
27729116342
27729116341
27729115438
27729114587
27729114442
27729113163
27729112510
27729112297
27729109417
27729105963
27729104323
27729104282
27729102945
27729101978
27729100825
27729098266
27729096491
27729096485
27729095502
27729094288
27729091266
27729090339
27729089490
27729086318
27729085923
27729085845
27729085465
27729082964
27729082551
27729080146
27729077696
27729076395
27729075559
27729073399
27729071385
27729070487
27729067685
27729067198
27729066241
27729064547
27729064230
27729064078
27729063869
27729062862
27729061977
27729061010
27729060749
27729060037
27729059168
27729056623
27729055160
27729055129
27729055124
27729055007
27729052271
27729050656
27729049998
27729047487
27729046955
27729046150
27729045488
27729045374
27729044263
27729043692
27729043344
27729043171
27729039049
27729032565
27729032348
27729032260
27729031874
27729030315
27729029323
27729029026
27729028219
27729027654
27729026099
27729024958
27729021983
27729021923
27729019530
27729018770
27729018052
27729017632
27729017251
27729017232
27729017028
27729013772
27729013191
27729012449
27729012103
27729009299
27729008360
27729007791
27729003153
27729002056
27728999701
27728996936
27728996610
27728996353
27728994168
27728992979
27728992214
27728991907
27728991008
27728990423
27728989155
27728988164
27728985144
27728985122
27728984488
27728984460
27728983678
27728983068
27728982497
27728982154
27728980308
27728980238
27728980212
27728978874
27728978584
27728976790
27728974157
27728971783
27728969712
27728967828
27728966701
27728965972
27728963407
27728962998
27728961621
27728957234
27728953241
27728952644
27728952577
27728952351
27728950595
27728949915
27728949391
27728948520
27728948220
27728946314
27728946057
27728943862
27728943234
27728941505
27728941347
27728941140
27728936173
27728931816
27728931661
27728930356
27728929788
27728926810
27728926797
27728923133
27728923054
27728921899
27728920975
27728918288
27728918274
27728917460
27728913705
27728904488
27728903642
27728903072
27728901360
27728901075
27728899731
27728899582
27728899523
27728897697
27728897416
27728896697
27728895086
27728894695
27728890520
27728889900
27728887975
27728886656
27728886331
27728886081
27728883418
27728883129
27728882765
27728882755
27728882058
27728880372
27728876842
27728874904
27728873038
27728872243
27728871561
27728870199
27728864803
27728864125
27728863158
27728861877
27728859576
27728859506
27728858861
27728856280
27728855475
27728855431
27728854770
27728852566
27728849068
27728847700
27728845544
27728845420
27728844391
27728843986
27728841996
27728840259
27728837644
27728836737
27728836560
27728836164
27728835874
27728835340
27728835262
27728834940
27728832387
27728831792
27728831640
27728831230
27728828369
27728826416
27728825938
27728825636
27728824726
27728822863
27728821509
27728820773
27728819153
27728818794
27728817382
27728816394
27728816352
27728815238
27728813717
27728809272
27728808738
27728807904
27728805344
27728803948
27728803861
27728803492
27728802257
27728800985
27728799784
27728798022
27728796309
27728795420
27728795388
27728790539
27728788242
27728785298
27728785020
27728782129
27728778134
27728777159
27728776400
27728776059
27728775773
27728775606
27728774416
27728772388
27728772186
27728772052
27728771670
27728770272
27728767959
27728765520
27728762892
27728762631
27728760286
27728759823
27728759723
27728758968
27728757595
27728757205
27728755424
27728755331
27728755158
27728755085
27728754925
27728754457
27728753918
27728753211
27728752092
27728750746
27728750467
27728750124
27728750064
27728749407
27728749215
27728746922
27728745136
27728745110
27728744601
27728744098
27728741697
27728740844
27728739876
27728739009
27728736682
27728736256
27728733400
27728730555
27728730346
27728729908
27728728364
27728725816
27728724573
27728724222
27728722968
27728720681
27728720516
27728719912
27728719703
27728717909
27728715031
27728713150
27728710911
27728707379
27728705487
27728704106
27728702724
27728702482
27728702160
27728700681
27728699646
27728699146
27728698678
27728696820
27728695328
27728692807
27728692043
27728692040
27728689202
27728688550
27728687595
27728687106
27728686478
27728686128
27728682804
27728680649
27728680004
27728679918
27728679763
27728679202
27728677686
27728677641
27728676685
27728676302
27728673243
27728671313
27728670170
27728670157
27728669307
27728668329
27728668008
27728667734
27728666667
27728666625
27728665549
27728665252
27728662647
27728661699
27728658473
27728657623
27728655321
27728654943
27728651714
27728651058
27728649565
27728642908
27728641021
27728636037
27728635730
27728634345
27728633676
27728631627
27728631052
27728630717
27728630203
27728627586
27728626411
27728624651
27728624064
27728623464
27728621419
27728620608
27728616066
27728615522
27728614816
27728613944
27728612365
27728611411
27728611317
27728607846
27728604962
27728604437
27728603594
27728602745
27728602680
27728599527
27728597307
27728597076
27728596911
27728596804
27728596651
27728595896
27728592098
27728591629
27728589757
27728588131
27728587833
27728587743
27728587559
27728587246
27728587053
27728587030
27728586126
27728585979
27728582655
27728582515
27728581703
27728581585
27728580897
27728576544
27728576069
27728574399
27728566517
27728566253
27728565160
27728564124
27728563211
27728562945
27728561877
27728561509
27728561054
27728560268
27728557140
27728556935
27728556681
27728554016
27728553016
27728551622
27728550854
27728550217
27728550169
27728549810
27728549755
27728548558
27728546687
27728545904
27728543000
27728542937
27728541083
27728540953
27728540473
27728539107
27728538877
27728538675
27728537825
27728533915
27728533390
27728531048
27728530888
27728530062
27728530019
27728528609
27728527325
27728525662
27728525486
27728524793
27728523349
27728522476
27728517308
27728515952
27728515362
27728511805
27728510754
27728510142
27728509720
27728509302
27728507217
27728505512
27728505072
27728501315
27728501087
27728496391
27728496049
27728491874
27728491863
27728491113
27728490443
27728490137
27728487253
27728484567
27728482196
27728480490
27728479985
27728479242
27728478879
27728477850
27728472796
27728471677
27728471093
27728467128
27728464569
27728461908
27728461297
27728461280
27728460504
27728460241
27728456119
27728452597
27728449859
27728447096
27728446928
27728446750
27728446625
27728445055
27728439721
27728439243
27728433177
27728431145
27728427500
27728426358
27728425995
27728424505
27728420540
27728419664
27728416116
27728415252
27728414459
27728412558
27728412020
27728411818
27728411583
27728409678
27728405361
27728404248
27728402442
27728402010
27728401977
27728401246
27728401069
27728397702
27728396033
27728392319
27728392069
27728392017
27728392014
27728391084
27728388427
27728386367
27728386222
27728385871
27728385573
27728384433
27728383777
27728383771
27728383110
27728382838
27728381926
27728381598
27728379053
27728376659
27728375471
27728370576
27728369310
27728368124
27728366173
27728365532
27728365325
27728364047
27728357727
27728357449
27728355935
27728354265
27728349150
27728349148
27728347456
27728345343
27728340156
27728339944
27728339097
27728336040
27728335119
27728334909
27728330392
27728330009
27728329390
27728329095
27728328749
27728327625
27728324938
27728323728
27728320935
27728319618
27728318392
27728318084
27728316097
27728315092
27728312722
27728311834
27728309047
27728306632
27728305586
27728305327
27728305147
27728303833
27728298878
27728298692
27728298506
27728298146
27728297302
27728297120
27728295552
27728293075
27728292320
27728290553
27728289848
27728289793
27728289595
27728289434
27728288177
27728288067
27728287736
27728287326
27728286966
27728286910
27728285913
27728285729
27728284662
27728284563
27728281350
27728279409
27728277784
27728277081
27728274990
27728272687
27728272546
27728272261
27728270220
27728269558
27728269320
27728268827
27728266541
27728265742
27728265201
27728265123
27728263454
27728263096
27728262364
27728262009
27728261343
27728260555
27728256935
27728254548
27728252732
27728252629
27728250368
27728247009
27728246073
27728243865
27728241031
27728240672
27728240563
27728240356
27728239920
27728238279
27728238089
27728236589
27728236549
27728235381
27728234830
27728232376
27728230973
27728229312
27728228734
27728227820
27728226850
27728225688
27728224723
27728222520
27728222084
27728222001
27728220550
27728218636
27728218479
27728217640
27728215724
27728213429
27728212684
27728210881
27728210575
27728209828
27728209044
27728207719
27728207483
27728206205
27728205094
27728203513
27728202072
27728197164
27728196977
27728195556
27728194442
27728192633
27728191234
27728189082
27728188932
27728185234
27728185180
27728180061
27728176984
27728176931
27728176534
27728176413
27728173162
27728170878
27728169422
27728169100
27728168949
27728168660
27728168004
27728166617
27728162237
27728161423
27728157488
27728155736
27728154272
27728150406
27728149775
27728147636
27728147454
27728145397
27728144015
27728143580
27728142571
27728141331
27728139429
27728138331
27728137538
27728135556
27728133027
27728132975
27728132628
27728130533
27728126265
27728125254
27728123595
27728123333
27728122263
27728120736
27728119530
27728116005
27728115921
27728115057
27728113306
27728113057
27728111895
27728109862
27728108896
27728104455
27728104395
27728103702
27728100363
27728100315
27728099577
27728098078
27728097723
27728097604
27728097231
27728095525
27728090734
27728089933
27728086724
27728086685
27728086523
27728083777
27728083126
27728081040
27728080005
27728075435
27728072399
27728071511
27728068214
27728067466
27728065932
27728065892
27728064868
27728062826
27728061557
27728061288
27728054728
27728052998
27728051683
27728049551
27728046312
27728045832
27728045767
27728045182
27728043728
27728042425
27728041786
27728040990
27728038270
27728037981
27728037899
27728037175
27728036110
27728035024
27728033605
27728032982
27728032717
27728030741
27728030516
27728030422
27728028656
27728026914
27728026605
27728022794
27728019908
27728018279
27728017611
27728017066
27728016357
27728015975
27728015862
27728015626
27728015507
27728015311
27728013535
27728011722
27728011353
27728009887
27728009859
27728009142
27728008973
27728008282
27728007564
27728007562
27728007306
27728006203
27728002995
27728002200
27728000164
27727998714
27727996330
27727995289
27727995117
27727992772
27727992499
27727992380
27727992138
27727991986
27727990911
27727990461
27727989718
27727988074
27727986098
27727983275
27727981723
27727980184
27727979692
27727979354
27727979003
27727977333
27727976509
27727972605
27727972460
27727970618
27727969342
27727967251
27727966621
27727965831
27727964931
27727964116
27727961313
27727960443
27727958926
27727958278
27727958163
27727957816
27727954388
27727954103
27727951643
27727950302
27727949519
27727946310
27727945117
27727943558
27727941006
27727940847
27727940209
27727939872
27727929982
27727928513
27727926932
27727926598
27727926259
27727924878
27727924487
27727923858
27727923626
27727922974
27727922946
27727920970
27727920293
27727919441
27727918154
27727918106
27727916803
27727914511
27727913011
27727912730
27727911576
27727909737
27727909258
27727909217
27727907707
27727906779
27727906498
27727905658
27727900901
27727900882
27727900318
27727898747
27727897541
27727897338
27727896129
27727895847
27727895311
27727895234
27727894433
27727891620
27727888331
27727887339
27727887076
27727885584
27727884851
27727884647
27727884344
27727880478
27727880024
27727879458
27727879036
27727878516
27727875939
27727875194
27727873850
27727873759
27727872700
27727872014
27727871760
27727871233
27727869812
27727867987
27727867372
27727866459
27727866289
27727863636
27727862225
27727861500
27727861483
27727858142
27727856319
27727854674
27727853895
27727852417
27727850832
27727850476
27727849460
27727845027
27727843439
27727843408
27727840886
27727840577
27727840093
27727838204
27727838054
27727837333
27727836015
27727835218
27727831049
27727830845
27727829120
27727828269
27727827244
27727825997
27727825599
27727824725
27727823701
27727823020
27727822614
27727822129
27727821816
27727821765
27727821658
27727821126
27727820540
27727818331
27727817028
27727815535
27727814957
27727814431
27727814188
27727812781
27727812660
27727811065
27727808027
27727807115
27727806992
27727805612
27727805383
27727805184
27727802842
27727802790
27727802182
27727801231
27727801228
27727800632
27727800579
27727800134
27727797907
27727794368
27727793765
27727793390
27727791260
27727788525
27727788486
27727787411
27727786837
27727785570
27727784475
27727783399
27727781577
27727780297
27727780275
27727779989
27727778846
27727777771
27727777734
27727775874
27727774919
27727771603
27727769090
27727768648
27727767732
27727767137
27727765637
27727761687
27727760016
27727759774
27727759330
27727758889
27727757975
27727757470
27727756825
27727756200
27727755024
27727752428
27727749934
27727747045
27727746627
27727745036
27727744893
27727742116
27727741035
27727739504
27727736061
27727734796
27727733757
27727732585
27727732188
27727731560
27727731023
27727729688
27727728330
27727727489
27727726432
27727722431
27727721288
27727720939
27727719715
27727719106
27727718146
27727717877
27727716913
27727716312
27727715131
27727714679
27727713525
27727710528
27727708704
27727708501
27727706969
27727706886
27727703851
27727702817
27727701788
27727699901
27727697647
27727696377
27727696295
27727693391
27727692342
27727691697
27727690590
27727690557
27727686358
27727683270
27727682666
27727682508
27727680349
27727679339
27727679015
27727675542
27727674563
27727673876
27727672521
27727670793
27727668172
27727666897
27727666257
27727666051
27727665259
27727663910
27727663315
27727662814
27727662434
27727661718
27727660328
27727659896
27727659243
27727659142
27727657746
27727656451
27727656193
27727655733
27727655257
27727653968
27727653122
27727652821
27727652234
27727651217
27727650210
27727648671
27727647944
27727645450
27727644524
27727644464
27727643109
27727642115
27727641188
27727638555
27727636282
27727635589
27727634846
27727633775
27727633311
27727631542
27727631174
27727627966
27727627647
27727625960
27727624851
27727624053
27727623556
27727623097
27727621549
27727608484
27727604833
27727601700
27727601054
27727600332
27727600314
27727599784
27727598714
27727598444
27727597429
27727595786
27727594360
27727593199
27727592309
27727591976
27727591349
27727590893
27727590788
27727588318
27727587247
27727586644
27727585699
27727584998
27727584949
27727584506
27727584332
27727583767
27727583340
27727582752
27727580989
27727579881
27727577139
27727576847
27727576563
27727576025
27727576018
27727575889
27727575880
27727575665
27727575159
27727575020
27727574601
27727574268
27727573142
27727572214
27727571263
27727567640
27727564706
27727564543
27727560095
27727559009
27727557616
27727555970
27727555378
27727553420
27727551630
27727548679
27727548386
27727547147
27727543937
27727543242
27727542262
27727541772
27727541523
27727541130
27727540460
27727539739
27727534443
27727530013
27727529638
27727529184
27727528315
27727525498
27727523439
27727521317
27727519017
27727517176
27727514875
27727514672
27727513795
27727513684
27727513562
27727512266
27727510497
27727507852
27727507709
27727507686
27727504213
27727503801
27727501711
27727498169
27727497607
27727497028
27727495645
27727492347
27727488899
27727485012
27727484675
27727482770
27727479960
27727479859
27727478052
27727477320
27727477116
27727474686
27727472918
27727469106
27727466791
27727466090
27727464807
27727462848
27727458603
27727457917
27727455080
27727454410
27727453789
27727453313
27727453210
27727451911
27727451746
27727450323
27727449670
27727448937
27727444798
27727443173
27727442772
27727440532
27727439008
27727437871
27727436387
27727435301
27727435210
27727432832
27727431375
27727429905
27727429173
27727427113
27727426123
27727424070
27727423785
27727422859
27727421234
27727415145
27727414734
27727410672
27727409750
27727409279
27727409031
27727408769
27727407250
27727406388
27727405173
27727404950
27727401324
27727399811
27727398663
27727395321
27727392678
27727391632
27727389928
27727389274
27727389214
27727388896
27727387979
27727385853
27727385823
27727384646
27727381831
27727381597
27727381447
27727380053
27727379742
27727379646
27727375345
27727375286
27727374901
27727374268
27727371529
27727369187
27727368937
27727366906
27727365518
27727365020
27727364802
27727362173
27727361818
27727361595
27727361464
27727356940
27727355454
27727355241
27727354223
27727353040
27727350813
27727349874
27727346600
27727342738
27727342623
27727342062
27727342005
27727337095
27727336549
27727335966
27727335004
27727334703
27727334174
27727333487
27727332548
27727331941
27727331857
27727327069
27727326729
27727325407
27727325105
27727322550
27727322031
27727321272
27727320069
27727318583
27727317914
27727316794
27727315545
27727315161
27727314741
27727313944
27727313568
27727313136
27727312028
27727310881
27727309518
27727309253
27727308090
27727306528
27727306217
27727305931
27727305416
27727304968
27727303071
27727302010
27727301280
27727300598
27727299105
27727298762
27727295023
27727294505
27727294282
27727294142
27727293792
27727290488
27727290241
27727285431
27727285197
27727284836
27727282291
27727276615
27727275609
27727275411
27727273031
27727272339
27727271799
27727271661
27727271621
27727269312
27727268458
27727268413
27727267157
27727265795
27727264897
27727260902
27727260047
27727258731
27727258432
27727257552
27727253146
27727252396
27727251542
27727250010
27727249571
27727248037
27727245164
27727241884
27727238793
27727236377
27727234051
27727232900
27727232711
27727232419
27727229955
27727229051
27727228315
27727226104
27727224474
27727221572
27727219248
27727217964
27727216582
27727216194
27727215499
27727215116
27727213709
27727209558
27727208361
27727205417
27727202696
27727202452
27727201673
27727200562
27727199651
27727196542
27727195101
27727194938
27727193062
27727192227
27727192109
27727191601
27727191315
27727190136
27727188478
27727186226
27727184451
27727182568
27727182538
27727182067
27727181152
27727178806
27727178455
27727178204
27727171929
27727170160
27727169023
27727168493
27727168259
27727167527
27727167262
27727164699
27727162511
27727161467
27727161448
27727161191
27727161113
27727160997
27727159673
27727159670
27727158058
27727156469
27727151684
27727151002
27727149331
27727142831
27727142395
27727142325
27727140009
27727139932
27727139308
27727136784
27727136442
27727134710
27727134649
27727133897
27727133332
27727133114
27727132619
27727131769
27727130823
27727129398
27727126349
27727124457
27727124311
27727123655
27727123300
27727122361
27727122134
27727121893
27727121123
27727120498
27727116350
27727115123
27727113950
27727110571
27727110085
27727109968
27727109826
27727107520
27727106901
27727103640
27727103168
27727100433
27727099310
27727098560
27727096933
27727096673
27727096668
27727096590
27727095250
27727090925
27727089440
27727087846
27727086944
27727086314
27727081740
27727080095
27727078777
27727077629
27727077037
27727076334
27727075770
27727075630
27727071858
27727071059
27727069474
27727068725
27727068556
27727066577
27727065268
27727064614
27727064148
27727064023
27727062632
27727060662
27727060481
27727059666
27727056433
27727055491
27727055415
27727055124
27727053934
27727053514
27727052441
27727051405
27727046296
27727044258
27727043809
27727043601
27727041307
27727040708
27727039637
27727037132
27727030957
27727030628
27727030488
27727028902
27727028471
27727028429
27727027317
27727025853
27727025650
27727025034
27727024713
27727020463
27727020201
27727019809
27727019622
27727018490
27727018186
27727017881
27727016836
27727016212
27727016182
27727015248
27727013590
27727010424
27727008730
27727008302
27727008219
27727008061
27727006636
27727005176
27727004609
27727002343
27727002029
27727000680
27726998043
27726997458
27726997259
27726997224
27726997102
27726995366
27726994946
27726994189
27726994130
27726994078
27726991415
27726987600
27726987175
27726986945
27726985312
27726985247
27726984303
27726983424
27726982903
27726979514
27726979154
27726979047
27726976705
27726976369
27726975970
27726975780
27726971469
27726971370
27726971322
27726967894
27726962072
27726956707
27726951040
27726950956
27726949810
27726949725
27726948644
27726947857
27726945291
27726944608
27726944477
27726944306
27726944179
27726943257
27726942934
27726940145
27726939879
27726939777
27726939183
27726936875
27726936341
27726936334
27726936140
27726935000
27726934973
27726929670
27726929069
27726928707
27726926917
27726922386
27726922338
27726919907
27726919314
27726918220
27726917270
27726915434
27726915365
27726915297
27726912801
27726911182
27726910584
27726910522
27726906682
27726905707
27726905489
27726904123
27726899742
27726898779
27726897202
27726897175
27726895976
27726894963
27726894794
27726890610
27726888860
27726888350
27726887785
27726883810
27726882015
27726881535
27726878496
27726877828
27726877268
27726876951
27726876780
27726876384
27726875160
27726874771
27726871747
27726871400
27726870740
27726869091
27726868019
27726867910
27726867722
27726865821
27726864656
27726864428
27726862110
27726860155
27726858536
27726856600
27726854339
27726854287
27726850405
27726849691
27726848537
27726844420
27726837487
27726834156
27726832252
27726832245
27726830123
27726827017
27726825529
27726824070
27726822145
27726821970
27726819393
27726817142
27726816577
27726816192
27726815556
27726814768
27726813603
27726813186
27726812813
27726812802
27726812374
27726809990
27726807817
27726806916
27726806488
27726805492
27726804076
27726803658
27726803632
27726802708
27726802026
27726801892
27726801611
27726796932
27726793836
27726793025
27726789284
27726786975
27726786175
27726784133
27726782688
27726782358
27726780713
27726780155
27726779014
27726778352
27726778335
27726776321
27726774719
27726773508
27726772114
27726770959
27726770332
27726768766
27726767681
27726767175
27726767158
27726764698
27726764140
27726763272
27726759114
27726756295
27726755558
27726753100
27726749679
27726749467
27726748888
27726747895
27726747462
27726746981
27726746500
27726744474
27726743854
27726739116
27726731946
27726729938
27726726104
27726719818
27726719758
27726719620
27726719507
27726716714
27726714831
27726713738
27726712505
27726711029
27726707668
27726705759
27726701615
27726700787
27726699908
27726699009
27726693568
27726691775
27726688193
27726687986
27726687742
27726686692
27726685618
27726685036
27726685015
27726684427
27726682581
27726682091
27726679626
27726679176
27726676500
27726673167
27726672897
27726672069
27726671582
27726665692
27726665473
27726661111
27726659497
27726658976
27726658040
27726657257
27726656761
27726654783
27726653915
27726653320
27726653101
27726651948
27726648591
27726648025
27726647515
27726647487
27726645660
27726642766
27726641771
27726640176
27726639663
27726639037
27726638101
27726634262
27726630895
27726630870
27726629236
27726627662
27726627352
27726624271
27726622775
27726622052
27726620704
27726620202
27726619999
27726619443
27726619242
27726618192
27726615841
27726615441
27726612632
27726610897
27726606929
27726605108
27726603403
27726600717
27726600678
27726600345
27726598919
27726598393
27726595025
27726591263
27726590135
27726589482
27726586328
27726585168
27726584383
27726584325
27726583782
27726582746
27726581844
27726579851
27726577922
27726576056
27726575788
27726574654
27726572549
27726571130
27726571066
27726568530
27726566474
27726564480
27726561777
27726561406
27726558547
27726558376
27726555101
27726551992
27726551931
27726549695
27726546303
27726545569
27726545270
27726545023
27726544483
27726542889
27726542338
27726540567
27726540008
27726539652
27726536726
27726530918
27726530270
27726529804
27726527002
27726526953
27726526910
27726526327
27726526126
27726525158
27726524291
27726520897
27726518770
27726518622
27726517148
27726516242
27726516163
27726514295
27726512770
27726511143
27726509625
27726509221
27726507931
27726507545
27726505805
27726505500
27726503650
27726501305
27726500963
27726498984
27726498722
27726496736
27726494724
27726492692
27726491244
27726486526
27726486128
27726486012
27726484821
27726481810
27726479661
27726478382
27726470693
27726470538
27726470319
27726468555
27726467904
27726467599
27726465374
27726458990
27726458289
27726456096
27726455538
27726452457
27726451687
27726445548
27726444895
27726444600
27726441736
27726440156
27726439496
27726438474
27726434358
27726433550
27726432470
27726430522
27726428824
27726426847
27726426837
27726424242
27726423215
27726423174
27726422607
27726421693
27726420344
27726419499
27726418977
27726414851
27726408730
27726408405
27726407225
27726407185
27726401896
27726401109
27726400067
27726398646
27726397967
27726397495
27726396844
27726394708
27726391120
27726390451
27726390390
27726388802
27726386437
27726385212
27726383071
27726382972
27726381860
27726380398
27726379366
27726379075
27726378677
27726378160
27726374250
27726370983
27726369264
27726366663
27726366318
27726364974
27726364612
27726364216
27726363713
27726363337
27726363097
27726360314
27726360142
27726358838
27726358561
27726357925
27726356890
27726356249
27726354209
27726353487
27726353461
27726350841
27726350083
27726348421
27726346818
27726346664
27726346516
27726344420
27726343763
27726341870
27726341836
27726341095
27726340868
27726340750
27726339495
27726339092
27726338855
27726336917
27726333681
27726333367
27726333083
27726330626
27726329752
27726329143
27726328562
27726325995
27726325166
27726323925
27726321864
27726321352
27726321328
27726319204
27726316666
27726316313
27726315074
27726315055
27726313991
27726313985
27726309241
27726309120
27726307769
27726306961
27726304367
27726303932
27726303432
27726302748
27726301439
27726300337
27726298279
27726298126
27726295828
27726294990
27726294111
27726291676
27726291045
27726288993
27726288296
27726287979
27726285912
27726283834
27726280996
27726278872
27726278846
27726277723
27726277523
27726277077
27726276894
27726276465
27726274439
27726274192
27726271767
27726271180
27726268243
27726266791
27726265603
27726263643
27726260253
27726259200
27726259165
27726258940
27726256721
27726256593
27726256152
27726254405
27726252265
27726252213
27726247685
27726247505
27726247207
27726247149
27726244522
27726243278
27726241390
27726239136
27726238709
27726238666
27726237326
27726235361
27726234880
27726234622
27726234201
27726233434
27726233100
27726232941
27726232088
27726231756
27726229858
27726229257
27726228700
27726224873
27726224172
27726221093
27726220523
27726217999
27726212016
27726211336
27726211266
27726211060
27726210342
27726210252
27726208397
27726207394
27726206241
27726205989
27726205738
27726202572
27726200988
27726197974
27726196838
27726196162
27726196100
27726193892
27726192040
27726190177
27726189950
27726189627
27726189246
27726188964
27726186763
27726186000
27726185640
27726184111
27726182917
27726180662
27726180292
27726178921
27726178544
27726178049
27726174628
27726174145
27726171421
27726168197
27726167023
27726164427
27726163339
27726162730
27726159635
27726158892
27726155703
27726155035
27726154903
27726154691
27726154003
27726153317
27726152020
27726150559
27726148596
27726148394
27726147165
27726147094
27726146770
27726143779
27726142791
27726142480
27726141010
27726139925
27726138926
27726138085
27726137539
27726136206
27726132261
27726131714
27726130062
27726128795
27726128588
27726128470
27726128168
27726127917
27726127525
27726127313
27726127210
27726126822
27726126008
27726123806
27726123034
27726120706
27726120434
27726119057
27726119015
27726118777
27726117350
27726116336
27726115669
27726109265
27726109164
27726108870
27726108821
27726102963
27726101416
27726099493
27726098378
27726097811
27726097036
27726096967
27726096881
27726095501
27726094895
27726094506
27726094196
27726093893
27726093403
27726091336
27726091165
27726086793
27726085510
27726081659
27726079616
27726078719
27726076190
27726075355
27726074012
27726073659
27726071625
27726070900
27726070778
27726070018
27726068903
27726068764
27726067194
27726065684
27726062977
27726062485
27726062459
27726062066
27726060878
27726060616
27726060453
27726060334
27726060131
27726060080
27726059202
27726057357
27726056792
27726056029
27726055464
27726054637
27726054101
27726053569
27726052872
27726052583
27726052481
27726051747
27726048512
27726046761
27726045879
27726045754
27726045324
27726044783
27726043207
27726042952
27726041823
27726041811
27726041114
27726039848
27726039034
27726038493
27726038051
27726037781
27726035824
27726035487
27726033859
27726031298
27726031117
27726029180
27726026326
27726026236
27726025610
27726023737
27726023265
27726022557
27726022418
27726022165
27726021957
27726018755
27726015791
27726015433
27726014231
27726011772
27726011752
27726011576
27726010851
27726009146
27726008973
27726007836
27726007442
27726006986
27726005885
27726004293
27726003894
27726003469
27725999202
27725998097
27725997250
27725996941
27725996288
27725995075
27725995014
27725994576
27725993357
27725992279
27725987117
27725984573
27725983744
27725983628
27725983600
27725981087
27725979685
27725976992
27725976399
27725976023
27725974882
27725972707
27725972687
27725972363
27725969481
27725968693
27725966333
27725965725
27725964144
27725961751
27725961257
27725960370
27725960017
27725959723
27725958968
27725958914
27725956584
27725954862
27725953782
27725952510
27725952002
27725948825
27725948228
27725946260
27725945657
27725945121
27725942933
27725942769
27725942411
27725942247
27725938777
27725938442
27725938426
27725938145
27725934230
27725933780
27725933036
27725932653
27725931811
27725931503
27725931069
27725929702
27725927567
27725926459
27725926084
27725925973
27725925311
27725925000
27725923491
27725922105
27725921346
27725919529
27725919413
27725918776
27725917801
27725916772
27725915059
27725914062
27725913457
27725910624
27725908675
27725908336
27725905991
27725905690
27725905604
27725905405
27725905362
27725903989
27725903515
27725902390
27725900515
27725900406
27725900305
27725900225
27725898794
27725897274
27725892895
27725891046
27725889746
27725888379
27725887948
27725885694
27725883212
27725881285
27725879889
27725878096
27725877661
27725875914
27725873114
27725871742
27725871153
27725871004
27725869847
27725869809
27725869723
27725869253
27725866986
27725866787
27725864683
27725862982
27725862827
27725862489
27725861236
27725860670
27725860488
27725856986
27725856601
27725855562
27725855150
27725854089
27725851114
27725850967
27725850775
27725850434
27725850423
27725850371
27725849293
27725848922
27725846741
27725845986
27725842527
27725839602
27725839530
27725837356
27725837303
27725833086
27725831820
27725827749
27725827635
27725826534
27725826461
27725826347
27725825022
27725825003
27725823322
27725814029
27725813304
27725811370
27725810933
27725810917
27725809760
27725807615
27725807335
27725806960
27725806720
27725806646
27725805040
27725804519
27725803667
27725801289
27725798216
27725793873
27725791795
27725786860
27725785281
27725781112
27725780113
27725779140
27725774737
27725774135
27725772776
27725771196
27725770334
27725769139
27725767260
27725766819
27725766095
27725763661
27725763526
27725763023
27725762571
27725761954
27725759472
27725758805
27725758745
27725758444
27725757623
27725754958
27725754952
27725753554
27725752649
27725751081
27725750066
27725749886
27725749727
27725745762
27725744192
27725743699
27725739205
27725738380
27725738193
27725735912
27725731898
27725730305
27725729175
27725728800
27725726243
27725724823
27725721450
27725721069
27725719063
27725717390
27725716105
27725714749
27725713870
27725713701
27725711242
27725710261
27725709129
27725705605
27725702403
27725698693
27725698606
27725695859
27725694997
27725694243
27725691942
27725691096
27725690859
27725688321
27725687586
27725686259
27725685588
27725682718
27725681174
27725679805
27725678489
27725677995
27725676995
27725673705
27725672806
27725668055
27725665729
27725664364
27725662938
27725661557
27725660653
27725655950
27725655903
27725654588
27725650543
27725650170
27725648849
27725648738
27725646798
27725646371
27725646320
27725643978
27725641960
27725641804
27725638232
27725637704
27725637316
27725636797
27725635710
27725634700
27725632506
27725631977
27725628634
27725628255
27725628240
27725627654
27725626792
27725625663
27725624061
27725620884
27725619044
27725618965
27725618314
27725613801
27725612575
27725607413
27725605741
27725603645
27725602945
27725601409
27725598061
27725597332
27725597015
27725596653
27725592293
27725591147
27725590450
27725590287
27725589933
27725588547
27725583982
27725583391
27725582149
27725581671
27725579337
27725578742
27725578642
27725578062
27725576170
27725575017
27725574920
27725574263
27725574198
27725572080
27725569993
27725568467
27725567669
27725567285
27725565690
27725565262
27725562835
27725561611
27725561560
27725558663
27725557951
27725557019
27725556446
27725556444
27725556027
27725555732
27725555555
27725553782
27725552643
27725552425
27725552346
27725550717
27725549483
27725548051
27725546353
27725545236
27725543995
27725540698
27725533069
27725532046
27725531414
27725530054
27725529423
27725528041
27725525861
27725525472
27725524235
27725523376
27725522233
27725520506
27725519964
27725519813
27725516561
27725515628
27725514151
27725513429
27725511893
27725506028
27725503328
27725500658
27725500618
27725497205
27725496086
27725494455
27725494430
27725494146
27725492145
27725490732
27725490345
27725487793
27725487790
27725487251
27725486847
27725485723
27725480734
27725480583
27725480234
27725477615
27725477285
27725475303
27725472241
27725471817
27725470457
27725470305
27725469875
27725468846
27725467463
27725466444
27725463670
27725462880
27725462429
27725460716
27725458382
27725455676
27725454793
27725453944
27725453667
27725451703
27725451203
27725449883
27725449703
27725448334
27725448246
27725446309
27725445929
27725444451
27725442539
27725442348
27725440646
27725440448
27725439772
27725439033
27725438932
27725438889
27725438068
27725437743
27725437433
27725436683
27725435520
27725434810
27725433963
27725428954
27725427075
27725425375
27725422182
27725419692
27725418958
27725417804
27725413533
27725413087
27725409187
27725409008
27725406408
27725405216
27725405005
27725404451
27725404433
27725403465
27725400671
27725398386
27725397222
27725397221
27725397089
27725394692
27725393859
27725393754
27725393734
27725392969
27725391121
27725390861
27725389814
27725388539
27725388371
27725387669
27725387148
27725386152
27725385987
27725384664
27725384629
27725383645
27725381819
27725381617
27725380066
27725379348
27725377818
27725377292
27725377216
27725376906
27725372220
27725370219
27725369639
27725369391
27725369220
27725369091
27725368557
27725366168
27725365758
27725364973
27725363591
27725358510
27725357714
27725356137
27725355073
27725353333
27725350259
27725349379
27725347694
27725346011
27725344590
27725342048
27725340073
27725340027
27725337235
27725336846
27725335880
27725335494
27725335460
27725332807
27725331603
27725331084
27725330198
27725326661
27725325103
27725322833
27725322809
27725321459
27725320268
27725317416
27725317354
27725316941
27725316473
27725316400
27725316263
27725315008
27725313645
27725313629
27725312557
27725310973
27725310896
27725305658
27725305203
27725305162
27725303722
27725303464
27725298851
27725297347
27725297338
27725296244
27725289484
27725289367
27725288941
27725284268
27725282113
27725279863
27725277340
27725276879
27725270496
27725269524
27725265820
27725263346
27725260275
27725256797
27725255650
27725254770
27725254589
27725252958
27725249707
27725248331
27725246020
27725244079
27725241926
27725241881
27725241731
27725239573
27725238597
27725238482
27725238193
27725236676
27725235830
27725235429
27725235158
27725232796
27725230184
27725229075
27725228219
27725227777
27725226666
27725226406
27725226193
27725226154
27725225584
27725224858
27725224211
27725222997
27725222804
27725222404
27725221705
27725220096
27725218729
27725216207
27725216062
27725213771
27725211629
27725210529
27725209833
27725208986
27725207149
27725205405
27725205178
27725204665
27725203597
27725202773
27725201716
27725201554
27725201418
27725197654
27725197150
27725195772
27725195384
27725194637
27725194373
27725193960
27725193800
27725193768
27725191446
27725189214
27725189011
27725188220
27725187806
27725184841
27725184457
27725184155
27725182735
27725181830
27725180116
27725179536
27725178156
27725176711
27725173477
27725172665
27725172601
27725171402
27725170828
27725170734
27725169594
27725167356
27725166732
27725166541
27725165030
27725164963
27725161943
27725159243
27725156544
27725155522
27725155060
27725154118
27725153679
27725151699
27725148658
27725147643
27725146849
27725144473
27725141864
27725141685
27725140859
27725138003
27725135754
27725135502
27725135183
27725133612
27725133604
27725132085
27725130598
27725130436
27725130360
27725125911
27725125833
27725123367
27725122982
27725120817
27725119952
27725119557
27725117710
27725116598
27725116380
27725116155
27725115746
27725114675
27725113824
27725113215
27725112746
27725112446
27725111893
27725111819
27725111573
27725111524
27725111346
27725109280
27725109276
27725107588
27725107143
27725106164
27725105921
27725104484
27725100344
27725098955
27725098279
27725097790
27725095399
27725092037
27725091266
27725090934
27725089313
27725079029
27725078948
27725078795
27725078682
27725077633
27725076464
27725075407
27725075095
27725070693
27725070619
27725070570
27725068229
27725066864
27725063050
27725062320
27725061520
27725060530
27725059889
27725059881
27725057981
27725057935
27725057866
27725057252
27725056873
27725056462
27725056009
27725055859
27725055111
27725049570
27725049156
27725046019
27725045931
27725045384
27725045343
27725043729
27725041573
27725041554
27725041214
27725041112
27725040440
27725036149
27725034478
27725029041
27725027101
27725025359
27725025080
27725022207
27725019984
27725019501
27725018495
27725017481
27725015908
27725014284
27725011888
27725009919
27725009894
27725009058
27725008133
27725007706
27725003837
27725000113
27724999235
27724998946
27724998940
27724997655
27724994702
27724993727
27724989462
27724988986
27724988592
27724987909
27724985313
27724984668
27724983825
27724981413
27724978795
27724978633
27724976856
27724976763
27724974810
27724974737
27724972513
27724972348
27724971483
27724969133
27724967743
27724967075
27724966721
27724965811
27724964151
27724961203
27724960617
27724960473
27724957914
27724956591
27724955755
27724949935
27724949275
27724948853
27724944100
27724943212
27724942966
27724940754
27724940455
27724940276
27724940187
27724939288
27724939131
27724936321
27724933339
27724933181
27724931112
27724921104
27724920929
27724920520
27724918586
27724917341
27724914954
27724914454
27724912232
27724911650
27724910636
27724901782
27724898346
27724897640
27724896018
27724894976
27724894713
27724894444
27724891987
27724891372
27724885867
27724881405
27724880578
27724880020
27724878371
27724877714
27724877320
27724877066
27724877014
27724874718
27724873757
27724872789
27724872755
27724871982
27724870764
27724869751
27724867445
27724867080
27724866986
27724864620
27724864391
27724863855
27724860803
27724859529
27724858780
27724856960
27724856265
27724855737
27724854938
27724853843
27724852229
27724851360
27724851024
27724850959
27724850403
27724849571
27724846138
27724845873
27724845002
27724844448
27724843899
27724843720
27724842463
27724837004
27724834988
27724834956
27724832914
27724831210
27724830779
27724830667
27724829635
27724829257
27724827871
27724827650
27724825801
27724825787
27724824951
27724821048
27724816890
27724815303
27724812544
27724811504
27724811414
27724808384
27724807891
27724807766
27724806654
27724805848
27724804830
27724802890
27724802677
27724801334
27724800408
27724797578
27724797525
27724796195
27724795177
27724793367
27724789963
27724789645
27724789135
27724786832
27724786646
27724785239
27724782327
27724782134
27724781498
27724781241
27724780781
27724780225
27724777411
27724776593
27724775794
27724775793
27724773802
27724773663
27724773230
27724771619
27724769368
27724768918
27724767286
27724765201
27724764851
27724763231
27724763120
27724761905
27724759085
27724758299
27724757770
27724750322
27724750100
27724749592
27724749517
27724748818
27724748728
27724746731
27724745048
27724739363
27724737717
27724737042
27724734643
27724733060
27724731290
27724730822
27724728492
27724725538
27724722749
27724722629
27724721804
27724716243
27724713305
27724712048
27724711107
27724709927
27724707026
27724706871
27724706851
27724705340
27724705011
27724704370
27724703878
27724703521
27724703256
27724701147
27724698822
27724698135
27724696827
27724696570
27724695409
27724692881
27724690437
27724689935
27724689146
27724688403
27724686496
27724686140
27724683284
27724682721
27724681979
27724680349
27724678228
27724677256
27724674409
27724673063
27724671595
27724667960
27724667529
27724667092
27724663860
27724662213
27724661982
27724659750
27724658317
27724657564
27724656828
27724656277
27724654816
27724653553
27724651546
27724651026
27724649606
27724649312
27724649252
27724648965
27724644995
27724644915
27724642350
27724642025
27724640686
27724639047
27724638607
27724637096
27724635063
27724635034
27724632781
27724630370
27724628814
27724626569
27724625319
27724624331
27724624195
27724623644
27724619317
27724618776
27724617331
27724616552
27724616326
27724611347
27724609222
27724608628
27724608310
27724608131
27724606418
27724605170
27724605030
27724603332
27724602602
27724602408
27724599984
27724598444
27724597990
27724597018
27724594317
27724592135
27724591762
27724591099
27724589617
27724587734
27724585612
27724585486
27724584807
27724584645
27724584316
27724581322
27724577900
27724576851
27724575190
27724573915
27724573625
27724573462
27724572337
27724572304
27724572229
27724571431
27724571130
27724570772
27724570121
27724568535
27724568048
27724566678
27724565695
27724565308
27724563590
27724563304
27724562917
27724560669
27724559984
27724559933
27724555816
27724554843
27724553785
27724551974
27724551517
27724551465
27724550937
27724550464
27724549959
27724549318
27724548684
27724548255
27724548103
27724547423
27724547042
27724546951
27724545781
27724545469
27724544838
27724542590
27724540302
27724539902
27724539830
27724539287
27724538950
27724537678
27724533895
27724532968
27724532423
27724532009
27724531305
27724531000
27724530555
27724529228
27724528663
27724526503
27724525648
27724525420
27724524527
27724522602
27724521697
27724519227
27724517537
27724516942
27724516716
27724515893
27724515711
27724515066
27724514634
27724513688
27724513069
27724512030
27724511127
27724510669
27724508256
27724503626
27724502561
27724500477
27724497668
27724496648
27724496443
27724496077
27724496006
27724494795
27724494477
27724490137
27724489804
27724489024
27724488037
27724487079
27724482016
27724481293
27724479224
27724476740
27724475756
27724475497
27724474117
27724472605
27724472188
27724469730
27724469725
27724466470
27724465152
27724464445
27724463241
27724462779
27724461963
27724461223
27724460931
27724460789
27724459648
27724459537
27724458460
27724456991
27724455278
27724454953
27724454825
27724454732
27724454179
27724453555
27724453162
27724450202
27724450188
27724449619
27724449046
27724446235
27724445421
27724444663
27724441709
27724441459
27724441213
27724440202
27724439105
27724438648
27724438206
27724436366
27724435027
27724434795
27724434646
27724434566
27724431955
27724431553
27724430936
27724428760
27724426794
27724426306
27724425234
27724424817
27724420048
27724419970
27724419464
27724419245
27724416791
27724416613
27724416575
27724414516
27724412123
27724411998
27724411708
27724410784
27724407820
27724407068
27724404833
27724404366
27724402782
27724402552
27724402146
27724401556
27724398667
27724398577
27724397337
27724395788
27724394220
27724392559
27724392406
27724391415
27724390114
27724390044
27724387617
27724386889
27724386605
27724386015
27724384990
27724382567
27724380077
27724379818
27724378076
27724377845
27724375868
27724374881
27724373991
27724373932
27724373427
27724373385
27724373123
27724371808
27724371270
27724369485
27724368475
27724367423
27724367030
27724366704
27724366502
27724366207
27724364001
27724363728
27724361570
27724360830
27724360433
27724358526
27724357433
27724356404
27724355237
27724355014
27724352220
27724351974
27724350021
27724348989
27724348512
27724347652
27724346454
27724344772
27724344385
27724342625
27724341255
27724340742
27724340555
27724338802
27724337691
27724337433
27724336773
27724335494
27724329298
27724328511
27724326065
27724325032
27724323930
27724320615
27724320354
27724319938
27724319502
27724318254
27724317758
27724316437
27724314321
27724313681
27724312249
27724309031
27724308584
27724306302
27724304952
27724304748
27724302829
27724301985
27724299057
27724298481
27724298220
27724297079
27724296861
27724296604
27724296589
27724295838
27724295791
27724295447
27724293113
27724290205
27724285014
27724284900
27724282539
27724281791
27724280437
27724280200
27724279754
27724279081
27724278049
27724277198
27724276915
27724276893
27724274690
27724270839
27724270122
27724268984
27724268979
27724267746
27724266876
27724262036
27724260748
27724260362
27724257557
27724256377
27724256187
27724255669
27724255542
27724254617
27724253368
27724248338
27724248251
27724246393
27724246072
27724245969
27724245236
27724244629
27724243844
27724243728
27724243360
27724241851
27724241815
27724241438
27724238088
27724234814
27724233682
27724230893
27724230543
27724230409
27724229130
27724228130
27724226781
27724224142
27724223780
27724223503
27724222779
27724222169
27724220498
27724220306
27724216895
27724213436
27724213394
27724212989
27724212566
27724211647
27724211296
27724209169
27724208737
27724206521
27724205051
27724202048
27724201428
27724199688
27724199289
27724196061
27724195934
27724194691
27724193831
27724193484
27724189000
27724188269
27724187822
27724186835
27724186513
27724186504
27724186358
27724186174
27724185502
27724185178
27724183362
27724183085
27724182738
27724182734
27724182580
27724182035
27724181134
27724180128
27724180026
27724178751
27724176664
27724175976
27724174746
27724174346
27724172360
27724168726
27724167173
27724167142
27724166572
27724165312
27724164507
27724164084
27724163519
27724161611
27724158289
27724158055
27724157963
27724156806
27724154317
27724153752
27724151035
27724150001
27724149700
27724149661
27724149168
27724148118
27724146136
27724145008
27724142187
27724142115
27724138475
27724137247
27724136281
27724134658
27724134350
27724134129
27724132048
27724131592
27724128001
27724127488
27724127313
27724126370
27724122192
27724120600
27724116432
27724114928
27724113401
27724112180
27724110928
27724110603
27724110066
27724108601
27724108340
27724107562
27724106968
27724106754
27724106092
27724105082
27724101985
27724101808
27724101334
27724096835
27724096803
27724096089
27724095669
27724095347
27724088928
27724088158
27724088000
27724087923
27724087105
27724086071
27724086000
27724085163
27724084963
27724082036
27724080531
27724080384
27724078570
27724075177
27724074647
27724072913
27724072878
27724070473
27724066732
27724066200
27724064182
27724063789
27724062640
27724058584
27724057046
27724056026
27724053696
27724052863
27724052400
27724050951
27724050365
27724049654
27724048844
27724048410
27724048103
27724047066
27724045137
27724044106
27724043585
27724042936
27724039493
27724038375
27724037264
27724036614
27724033164
27724033071
27724032231
27724032002
27724031895
27724029791
27724027301
27724026385
27724026306
27724024706
27724022665
27724021488
27724017318
27724016711
27724016476
27724015414
27724014288
27724012932
27724012653
27724012142
27724009211
27724007503
27724007038
27724006222
27724004172
27724003110
27724001635
27724000915
27724000740
27723999888
27723999817
27723997670
27723997443
27723995826
27723993585
27723993236
27723992883
27723989953
27723985708
27723982028
27723977885
27723977723
27723977686
27723977046
27723976781
27723975575
27723973838
27723972372
27723971410
27723971157
27723970761
27723970687
27723969740
27723968406
27723967785
27723967535
27723966099
27723965470
27723964165
27723963867
27723962139
27723961005
27723959924
27723958900
27723958469
27723957980
27723957354
27723957105
27723957053
27723956493
27723956470
27723955518
27723951858
27723950466
27723950132
27723949917
27723947406
27723946169
27723945610
27723945559
27723945088
27723944593
27723944035
27723940067
27723939713
27723939081
27723938588
27723936045
27723935005
27723934562
27723933959
27723933349
27723932940
27723932380
27723931715
27723928175
27723927814
27723927442
27723926941
27723926163
27723925550
27723924393
27723921977
27723921952
27723918936
27723916837
27723916164
27723912851
27723910788
27723910226
27723909115
27723908978
27723908328
27723907278
27723906496
27723906311
27723906183
27723902605
27723900626
27723900437
27723900111
27723900000
27723896475
27723895324
27723893001
27723892304
27723891512
27723887789
27723887779
27723887608
27723883836
27723883101
27723882306
27723882034
27723880105
27723878984
27723878643
27723878637
27723878620
27723878205
27723877726
27723872293
27723872153
27723871008
27723870502
27723869107
27723868849
27723867809
27723865549
27723865177
27723863805
27723862706
27723862680
27723861959
27723861690
27723861000
27723857977
27723857674
27723855100
27723853234
27723848452
27723847100
27723846272
27723843366
27723842801
27723840368
27723840144
27723837692
27723837538
27723836874
27723836094
27723831106
27723828976
27723828934
27723828855
27723828664
27723828236
27723825438
27723824041
27723823704
27723822862
27723822607
27723819788
27723819040
27723818514
27723817717
27723817591
27723817265
27723815358
27723814808
27723814672
27723813530
27723812471
27723810453
27723807959
27723807746
27723806382
27723806139
27723804265
27723804208
27723803066
27723801526
27723800846
27723800123
27723799615
27723797792
27723796300
27723794836
27723790135
27723787571
27723787377
27723787340
27723787184
27723786522
27723784937
27723784048
27723783914
27723783473
27723783382
27723781521
27723781440
27723780085
27723779207
27723778359
27723776601
27723775905
27723775843
27723774649
27723773977
27723773657
27723773518
27723771922
27723771501
27723771342
27723769684
27723767984
27723767503
27723764537
27723764151
27723763128
27723762319
27723761274
27723757365
27723757022
27723757021
27723756844
27723755186
27723754342
27723754176
27723753478
27723753364
27723752148
27723751661
27723750994
27723750718
27723749731
27723749728
27723749673
27723745981
27723745602
27723744902
27723738888
27723737336
27723736780
27723735636
27723735572
27723734689
27723734515
27723732899
27723732881
27723731140
27723731088
27723727530
27723726873
27723723916
27723722528
27723721061
27723720186
27723716674
27723716584
27723716200
27723714185
27723712333
27723708145
27723707397
27723707250
27723706122
27723706010
27723703953
27723703670
27723702883
27723702607
27723700402
27723694338
27723693925
27723693794
27723692899
27723690064
27723689015
27723688988
27723688884
27723686227
27723685444
27723685109
27723684310
27723683253
27723680907
27723679153
27723678945
27723678161
27723678148
27723674571
27723673900
27723671835
27723671182
27723670205
27723668913
27723668009
27723665874
27723664093
27723662416
27723659843
27723659260
27723658378
27723657108
27723656744
27723654982
27723653438
27723648077
27723643394
27723642082
27723640243
27723639971
27723639694
27723639267
27723638171
27723636255
27723636244
27723634323
27723631920
27723631465
27723630351
27723630022
27723629713
27723628089
27723626664
27723624039
27723623175
27723620462
27723618070
27723617930
27723617818
27723615198
27723614465
27723612537
27723612471
27723611756
27723611000
27723609804
27723608787
27723607180
27723607044
27723603752
27723602258
27723599137
27723596474
27723594918
27723594854
27723594123
27723593366
27723592853
27723592741
27723592632
27723591352
27723590652
27723589009
27723588139
27723584486
27723583493
27723581806
27723580626
27723580591
27723580497
27723577862
27723576414
27723575423
27723574988
27723573858
27723572725
27723572184
27723572083
27723571185
27723571131
27723569327
27723568916
27723568472
27723568187
27723568053
27723567462
27723566861
27723565485
27723565118
27723565022
27723564823
27723564322
27723563685
27723563552
27723563447
27723561868
27723561290
27723560636
27723558129
27723557030
27723555753
27723555612
27723555424
27723554086
27723553051
27723551804
27723551135
27723550443
27723547865
27723547153
27723546898
27723541860
27723540640
27723538751
27723536895
27723536880
27723535593
27723529806
27723529695
27723528469
27723527776
27723527648
27723527520
27723524591
27723524519
27723523509
27723522275
27723522081
27723519650
27723517737
27723517015
27723516859
27723516213
27723516089
27723513692
27723512725
27723510630
27723505429
27723505320
27723505208
27723501496
27723498836
27723497278
27723495949
27723493838
27723493680
27723492328
27723491767
27723489996
27723488346
27723488289
27723487233
27723487028
27723485852
27723484528
27723483069
27723481828
27723480974
27723480341
27723479293
27723478743
27723475096
27723473365
27723472439
27723470034
27723469542
27723466590
27723465636
27723464085
27723462897
27723462047
27723457424
27723456789
27723456743
27723456284
27723455734
27723455247
27723454586
27723453897
27723453333
27723453002
27723452263
27723452106
27723449250
27723448297
27723448248
27723446981
27723446331
27723444637
27723443771
27723442917
27723442691
27723441952
27723441941
27723441645
27723440663
27723439970
27723436030
27723434948
27723434393
27723432288
27723432282
27723431430
27723431287
27723431058
27723427285
27723426487
27723425594
27723425101
27723424896
27723424713
27723424278
27723424174
27723423976
27723423967
27723422813
27723420494
27723417409
27723415462
27723413882
27723410980
27723410663
27723407546
27723406967
27723406542
27723406286
27723405955
27723404603
27723401260
27723397195
27723397018
27723396755
27723396725
27723395882
27723393635
27723388444
27723388041
27723386071
27723382267
27723382213
27723382196
27723381947
27723381721
27723380922
27723378596
27723377587
27723376948
27723373940
27723370308
27723370052
27723368239
27723367423
27723367246
27723366548
27723366394
27723360902
27723360366
27723358285
27723356998
27723353253
27723353124
27723352146
27723349072
27723346428
27723346129
27723344727
27723344397
27723343331
27723343170
27723342406
27723340205
27723337849
27723337782
27723336244
27723333321
27723333000
27723332489
27723329048
27723327096
27723325668
27723316813
27723316555
27723315603
27723310596
27723309857
27723307938
27723307580
27723307558
27723306945
27723306857
27723305203
27723303334
27723300692
27723298445
27723293692
27723293578
27723290683
27723290604
27723290577
27723290527
27723288453
27723288362
27723286863
27723283548
27723282306
27723281062
27723280859
27723280748
27723280588
27723279983
27723279628
27723273851
27723271988
27723269332
27723268648
27723267866
27723267707
27723267474
27723264746
27723261779
27723257807
27723256360
27723254315
27723254034
27723251730
27723250849
27723248448
27723247432
27723247174
27723247152
27723246914
27723246208
27723242451
27723241821
27723241619
27723240481
27723240454
27723239169
27723238866
27723238749
27723236397
27723235407
27723235028
27723234652
27723233530
27723231750
27723231287
27723230060
27723229234
27723226374
27723226140
27723225906
27723222347
27723221859
27723221497
27723220278
27723220091
27723217898
27723217675
27723217430
27723215872
27723211909
27723211826
27723207579
27723207255
27723207099
27723200375
27723200319
27723199405
27723198762
27723198357
27723196265
27723196181
27723192174
27723190998
27723190029
27723186652
27723186047
27723184153
27723182899
27723182444
27723178447
27723177667
27723177537
27723172380
27723169287
27723165789
27723165671
27723165367
27723163797
27723162275
27723162109
27723162007
27723161749
27723161050
27723160959
27723158990
27723155053
27723153855
27723152071
27723151671
27723149620
27723146077
27723145748
27723144488
27723141793
27723135647
27723132990
27723132463
27723132232
27723129843
27723126115
27723123406
27723121497
27723120967
27723120536
27723118811
27723117544
27723117042
27723115634
27723115185
27723114695
27723113097
27723112913
27723112044
27723111692
27723111102
27723111081
27723109947
27723103715
27723102108
27723098746
27723098514
27723097476
27723096088
27723095442
27723095386
27723094345
27723093130
27723092156
27723091713
27723089741
27723089731
27723089705
27723089579
27723089152
27723087463
27723087409
27723087208
27723086977
27723086594
27723085539
27723084247
27723083813
27723083415
27723083034
27723082846
27723081453
27723081189
27723079932
27723078877
27723078099
27723077589
27723077399
27723075837
27723075517
27723073389
27723072832
27723071888
27723071788
27723071210
27723070067
27723069089
27723069079
27723068678
27723067514
27723066868
27723066624
27723064222
27723058638
27723056556
27723054348
27723053259
27723052078
27723051676
27723049358
27723047212
27723045322
27723044212
27723039140
27723036764
27723034879
27723034857
27723034839
27723034161
27723033845
27723031459
27723030636
27723030271
27723029912
27723029255
27723027828
27723026869
27723026298
27723025698
27723025175
27723025015
27723022578
27723022421
27723019211
27723018958
27723018837
27723018756
27723017420
27723014183
27723013667
27723012634
27723012363
27723011597
27723009783
27723009691
27723007995
27723007552
27723004316
27723001927
27723001072
27722999776
27722997227
27722996833
27722996754
27722996691
27722993746
27722993606
27722992358
27722992232
27722992215
27722990482
27722988893
27722988755
27722988552
27722988300
27722987888
27722986822
27722985590
27722985436
27722984659
27722983890
27722982029
27722980393
27722978901
27722976164
27722975138
27722974815
27722974459
27722974271
27722973674
27722973523
27722971634
27722970024
27722969085
27722964299
27722964283
27722963786
27722963491
27722963090
27722960338
27722959718
27722958971
27722955107
27722954963
27722952285
27722948707
27722946740
27722943894
27722941984
27722941198
27722940845
27722939306
27722937515
27722937265
27722937131
27722929052
27722926825
27722925970
27722925534
27722923696
27722923480
27722923356
27722923352
27722921839
27722920752
27722918793
27722918462
27722916941
27722916908
27722916589
27722916235
27722913897
27722909599
27722909365
27722907370
27722906106
27722904742
27722904730
27722903883
27722903829
27722903322
27722902335
27722902299
27722902231
27722899175
27722898842
27722896894
27722896090
27722893395
27722892821
27722892682
27722892102
27722892077
27722890203
27722889899
27722887394
27722885990
27722885557
27722884670
27722883604
27722880941
27722877472
27722875845
27722875453
27722872665
27722872167
27722871957
27722870813
27722870379
27722869567
27722868766
27722868009
27722864977
27722864898
27722861880
27722861778
27722858424
27722858396
27722858056
27722857645
27722856792
27722855505
27722854936
27722852345
27722851309
27722850939
27722847989
27722847976
27722846465
27722845000
27722844726
27722844375
27722844322
27722843845
27722843028
27722841027
27722838312
27722837852
27722837656
27722837142
27722835478
27722835231
27722834668
27722832281
27722831551
27722830403
27722829770
27722829514
27722828132
27722826438
27722822083
27722821015
27722819660
27722818432
27722817366
27722815312
27722815240
27722813510
27722813439
27722812615
27722812220
27722812067
27722810063
27722809558
27722808032
27722807603
27722802088
27722800320
27722793294
27722791796
27722791602
27722791252
27722790673
27722789234
27722789115
27722787487
27722786125
27722784476
27722784378
27722783981
27722782253
27722781926
27722781625
27722781107
27722780720
27722780498
27722777426
27722777131
27722776673
27722773785
27722773140
27722771672
27722769635
27722768634
27722768359
27722766466
27722765903
27722765393
27722759585
27722759076
27722757288
27722756517
27722754400
27722753874
27722753252
27722752425
27722751109
27722749486
27722748259
27722748048
27722747320
27722745134
27722744505
27722742964
27722741886
27722740896
27722740202
27722739986
27722739428
27722738470
27722736155
27722735589
27722734741
27722731926
27722731774
27722730072
27722729373
27722727309
27722724312
27722723099
27722722469
27722720897
27722720555
27722720383
27722719778
27722719761
27722719205
27722717490
27722716696
27722715177
27722713536
27722713060
27722712406
27722712370
27722712252
27722712059
27722711965
27722711467
27722711365
27722711251
27722708278
27722705039
27722704866
27722703461
27722703071
27722703037
27722702609
27722702595
27722701659
27722700493
27722698368
27722698086
27722694451
27722692021
27722690260
27722689897
27722688991
27722687878
27722687558
27722687351
27722684944
27722684651
27722683370
27722683171
27722682716
27722680880
27722679992
27722678384
27722678086
27722676286
27722673752
27722672810
27722671911
27722669370
27722667898
27722667377
27722666401
27722666386
27722666332
27722666102
27722665896
27722661935
27722661167
27722661064
27722656101
27722654880
27722650992
27722649574
27722647806
27722647448
27722646778
27722644010
27722642993
27722641452
27722640579
27722640381
27722640222
27722640217
27722639839
27722636066
27722632669
27722628884
27722628170
27722626718
27722624632
27722623969
27722621899
27722621052
27722620665
27722619446
27722618137
27722617881
27722614084
27722613540
27722609961
27722608626
27722608331
27722607562
27722603738
27722602955
27722602743
27722601022
27722600541
27722600532
27722600237
27722598831
27722598555
27722598390
27722598349
27722597100
27722593463
27722590410
27722587390
27722583617
27722582380
27722581234
27722578323
27722577634
27722577046
27722574704
27722574191
27722572268
27722572229
27722570345
27722570040
27722568051
27722567345
27722566846
27722566515
27722566314
27722566117
27722565141
27722563219
27722559201
27722557856
27722557087
27722556944
27722556066
27722555050
27722554487
27722553515
27722550901
27722549627
27722546197
27722545976
27722544134
27722542701
27722540061
27722536559
27722536378
27722535166
27722535165
27722534281
27722533372
27722533112
27722531581
27722531069
27722530761
27722530133
27722529266
27722528157
27722527908
27722527732
27722526958
27722526871
27722526005
27722525905
27722523826
27722523459
27722523154
27722522976
27722522851
27722522708
27722518424
27722518279
27722517625
27722516796
27722516772
27722516657
27722510153
27722509637
27722509055
27722508875
27722508349
27722508031
27722507828
27722507690
27722506440
27722506334
27722505842
27722505686
27722504700
27722504552
27722499520
27722498318
27722497970
27722496808
27722494585
27722492398
27722491780
27722490756
27722489367
27722488793
27722488260
27722486969
27722486475
27722484622
27722483142
27722483108
27722482906
27722481328
27722481074
27722479949
27722479023
27722477491
27722477140
27722475356
27722473898
27722473248
27722472687
27722468657
27722468468
27722468323
27722467873
27722467715
27722466554
27722466043
27722465997
27722465252
27722464432
27722459935
27722458346
27722450706
27722449623
27722448004
27722445770
27722445675
27722445371
27722444789
27722443042
27722441019
27722438961
27722437752
27722437059
27722435261
27722431471
27722430058
27722429319
27722428939
27722428498
27722428248
27722426501
27722425432
27722423790
27722423370
27722422281
27722421142
27722420451
27722419835
27722417473
27722417373
27722412749
27722412205
27722411737
27722410491
27722408809
27722408416
27722404321
27722402472
27722402025
27722401740
27722400507
27722397513
27722393879
27722392760
27722391423
27722391265
27722389223
27722388944
27722386033
27722385683
27722385437
27722383625
27722383572
27722383130
27722382586
27722380147
27722379961
27722378824
27722378789
27722371492
27722369866
27722364045
27722360760
27722359913
27722359673
27722359044
27722358907
27722357795
27722356933
27722354982
27722354930
27722354237
27722352799
27722352120
27722351110
27722349733
27722347513
27722346049
27722344703
27722344587
27722344448
27722343232
27722342550
27722341498
27722341197
27722340707
27722340549
27722340528
27722340431
27722340119
27722338867
27722338704
27722338687
27722338561
27722337308
27722336885
27722335966
27722333018
27722332116
27722329575
27722326358
27722325132
27722324427
27722323812
27722322363
27722319047
27722318857
27722318549
27722318467
27722318420
27722317957
27722317073
27722315797
27722315020
27722312265
27722309764
27722309648
27722308160
27722307792
27722303556
27722302891
27722300531
27722299438
27722298710
27722297811
27722295845
27722295823
27722292637
27722291081
27722289230
27722288792
27722288644
27722288531
27722288157
27722288144
27722287806
27722287701
27722286388
27722283324
27722283220
27722281629
27722281616
27722280193
27722280177
27722279778
27722278591
27722278119
27722277540
27722277441
27722277272
27722277270
27722276365
27722276338
27722273791
27722272494
27722271020
27722270877
27722269403
27722262339
27722260013
27722258179
27722258074
27722256399
27722255981
27722253573
27722253088
27722252971
27722249862
27722248837
27722248385
27722245720
27722245318
27722244947
27722244397
27722243536
27722242916
27722242777
27722240176
27722239255
27722238659
27722237371
27722236511
27722235751
27722234715
27722234359
27722233993
27722233141
27722232404
27722232076
27722230369
27722229188
27722228733
27722228417
27722227478
27722227312
27722226755
27722226305
27722226215
27722225233
27722225045
27722224442
27722223468
27722222969
27722222282
27722222203
27722222125
27722221796
27722221782
27722221111
27722220970
27722216262
27722213686
27722213521
27722212795
27722210460
27722207858
27722205830
27722205127
27722203626
27722202331
27722201332
27722198826
27722198187
27722197050
27722196268
27722194199
27722194113
27722193956
27722190907
27722190026
27722186353
27722186346
27722185800
27722185077
27722185066
27722181770
27722181577
27722181004
27722180620
27722178960
27722178001
27722176776
27722175349
27722174953
27722171797
27722170312
27722166913
27722163777
27722161564
27722160856
27722157555
27722154462
27722153965
27722152555
27722152468
27722151873
27722151292
27722150818
27722149243
27722147439
27722146818
27722146559
27722145901
27722144150
27722142705
27722141176
27722138068
27722137259
27722135843
27722135303
27722135170
27722134141
27722133888
27722132202
27722130442
27722129292
27722128886
27722123670
27722123648
27722123088
27722121719
27722120258
27722118517
27722118089
27722114477
27722111209
27722110065
27722108699
27722108570
27722107411
27722106482
27722106050
27722101089
27722099671
27722094280
27722094052
27722093416
27722093014
27722091369
27722091197
27722090229
27722087667
27722086500
27722086390
27722084127
27722083863
27722082882
27722082197
27722081302
27722080571
27722079719
27722078852
27722073451
27722073094
27722072632
27722072616
27722072207
27722072172
27722069416
27722065593
27722064824
27722063971
27722061360
27722060576
27722059980
27722059644
27722057683
27722055761
27722055412
27722055286
27722054007
27722051753
27722046000
27722045016
27722044764
27722044519
27722044486
27722043704
27722043130
27722041081
27722040690
27722037709
27722037661
27722037167
27722037049
27722036674
27722035866
27722035703
27722035034
27722034782
27722034006
27722032666
27722032273
27722031427
27722031188
27722030627
27722028087
27722026027
27722024142
27722023600
27722022937
27722022677
27722021822
27722021231
27722020987
27722019211
27722019043
27722018557
27722015860
27722014851
27722013032
27722009281
27722008218
27722007738
27722007216
27722004166
27722002980
27722000830
27721998992
27721997869
27721997755
27721997479
27721996201
27721996100
27721995737
27721994148
27721993133
27721993099
27721992257
27721990954
27721990622
27721990185
27721989799
27721988637
27721987839
27721986948
27721986797
27721986390
27721985882
27721985148
27721981748
27721981736
27721981037
27721980862
27721979787
27721979413
27721979412
27721979119
27721977572
27721976489
27721973987
27721973363
27721973141
27721971784
27721970716
27721970401
27721969091
27721969076
27721967476
27721965587
27721964829
27721964333
27721962574
27721961360
27721961144
27721959412
27721958077
27721957692
27721954842
27721954093
27721953175
27721951700
27721950816
27721947887
27721947358
27721945578
27721945343
27721944004
27721943812
27721942761
27721941926
27721941548
27721940683
27721940493
27721936115
27721936110
27721935714
27721932442
27721932025
27721931855
27721931740
27721931642
27721931615
27721930408
27721929000
27721927419
27721927350
27721924326
27721923521
27721922445
27721922212
27721920924
27721918531
27721918309
27721917460
27721915059
27721914966
27721913907
27721913229
27721911272
27721910385
27721910015
27721908995
27721908543
27721906974
27721905441
27721904442
27721903633
27721901438
27721900555
27721900288
27721899003
27721898726
27721897818
27721897595
27721897320
27721895749
27721895186
27721893254
27721887270
27721885925
27721883954
27721883786
27721880797
27721880106
27721879649
27721878442
27721876921
27721876393
27721874983
27721874590
27721872345
27721871336
27721870403
27721869241
27721868322
27721867733
27721865624
27721864581
27721864429
27721863256
27721863213
27721862145
27721862014
27721860933
27721860468
27721859299
27721858732
27721858722
27721858687
27721858029
27721856676
27721855157
27721854709
27721851389
27721849898
27721845610
27721843684
27721841527
27721841423
27721840949
27721840482
27721840215
27721837765
27721837318
27721837047
27721835744
27721833978
27721833742
27721833338
27721831296
27721830573
27721830511
27721826753
27721826206
27721824548
27721824197
27721823835
27721821949
27721820439
27721818740
27721817294
27721815233
27721815224
27721814620
27721813506
27721811007
27721809892
27721808754
27721807903
27721807422
27721805892
27721804685
27721802753
27721802404
27721801889
27721796900
27721796447
27721794736
27721794651
27721793798
27721791736
27721791222
27721788769
27721786862
27721785460
27721784438
27721782699
27721780731
27721780649
27721778671
27721776004
27721775419
27721773643
27721773535
27721772315
27721772048
27721767969
27721767455
27721766232
27721763439
27721762999
27721757825
27721755957
27721754250
27721754131
27721753707
27721753660
27721753008
27721752220
27721752167
27721751985
27721750990
27721750745
27721750714
27721750009
27721746719
27721746100
27721742896
27721741903
27721741007
27721740272
27721739486
27721735663
27721732676
27721732070
27721731797
27721730744
27721730737
27721727305
27721727138
27721725027
27721723110
27721722119
27721718786
27721717982
27721717344
27721716157
27721715915
27721714146
27721711979
27721711794
27721711777
27721711536
27721710264
27721710246
27721708529
27721707743
27721702779
27721701313
27721701269
27721699855
27721697525
27721695580
27721695258
27721694877
27721693731
27721693465
27721693344
27721689001
27721685335
27721684797
27721675991
27721668672
27721664665
27721652124
27721650505
27721649796
27721648879
27721647216
27721646913
27721646876
27721645355
27721645313
27721641791
27721613813
27721610352
27721609828
27721607413
27721605150
27721603921
27721600499
27721598809
27721598069
27721595898
27721593377
27721593231
27721591584
27721591440
27721587806
27721584879
27721583933
27721578135
27721578111
27721577869
27721575624
27721575555
27721575019
27721574481
27721572590
27721572227
27721571431
27721571346
27721571243
27721569018
27721568676
27721568167
27721565411
27721565051
27721564089
27721559775
27721559486
27721557735
27721554602
27721554272
27721554267
27721554240
27721553803
27721552611
27721551176
27721550113
27721549960
27721549739
27721544607
27721542521
27721541817
27721540148
27721539375
27721539356
27721536732
27721534960
27721531935
27721530930
27721530570
27721530429
27721530129
27721529492
27721527678
27721527275
27721526538
27721525562
27721524099
27721520358
27721520150
27721519454
27721518530
27721517948
27721514070
27721512675
27721510353
27721508173
27721507680
27721507234
27721507017
27721505271
27721505125
27721505104
27721503299
27721502864
27721502808
27721501415
27721501362
27721500858
27721497592
27721497578
27721497339
27721496364
27721495997
27721495823
27721495615
27721492495
27721490703
27721488818
27721488332
27721486790
27721485942
27721485524
27721484948
27721484379
27721484016
27721483834
27721481537
27721481064
27721477624
27721476808
27721475984
27721474707
27721474088
27721473352
27721472240
27721471107
27721469575
27721465235
27721465080
27721464424
27721463728
27721462716
27721460393
27721459988
27721459846
27721459031
27721458433
27721456244
27721454361
