27679950988
27678820250
27678813339
27678810800
27678803752
27678786671
27678783690
27678779093
27678776287
27678774374
27678773518
27678767361
27678756259
27678754742
27678746889
27678724669
27678722785
27678704914
27678690465
27678689164
27677185747
27677122158
27676571603
27676013598
27673979765
27673930977
27673420341
27673419785
27673419693
27673417596
27673417046
27673416605
27673413700
27673413385
27673410343
27673409815
27673404939
27673402614
27673399632
27673399333
27673397878
27673395181
27673394576
27673393439
27673392186
27673390768
27673387024
27673382502
27673381007
27673376522
27673375741
27673375518
27673374937
27673374166
27673371454
27673371167
27673366862
27673364427
27673362591
27673362384
27673362085
27673360888
27673360299
27673359702
27673358921
27673357655
27673357493
27673357242
27673356565
27673354318
27673353010
27673352425
27673346129
27673341214
27673339546
27673338996
27673338721
27673338501
27673336730
27673333928
27673333463
27673328975
27673327066
27673321996
27673320267
27673319520
27673318561
27673317938
27673313942
27673313754
27673311661
27673311159
27673310556
27673308334
27673306955
27673304850
27673303822
27673303006
27673301251
27673300976
27673300447
27673296474
27673296362
27673295392
27673291455
27673290820
27673285673
27673283426
27673282547
27673282073
27673277843
27673276265
27673275700
27673273239
27673273130
27673267614
27673264127
27673255322
27673252987
27673251562
27673251313
27673247667
27673246184
27673244016
27673240094
27673236469
27673235881
27673235008
27673233964
27673231550
27673224242
27673221351
27673220683
27673219682
27673215444
27673213214
27673209616
27673207632
27673207444
27673204007
27673197302
27673196277
27673192689
27673192044
27673191303
27673189623
27673187532
27673186521
27673183879
27673182847
27673180929
27673176064
27673175802
27673174827
27673171342
27673170376
27673169985
27673169619
27673169486
27673169085
27673167675
27673165800
27673164423
27673164261
27673160518
27673159872
27673158540
27673150024
27673149571
27673144775
27673144132
27673142023
27673141119
27673139042
27673136707
27673132352
27673130313
27673128821
27673124581
27673123079
27673122740
27673121002
27673120953
27673119439
27673115651
27673114391
27673112091
27673109768
27673093821
27673093273
27673090365
27673088361
27673086155
27673085764
27673082620
27673081871
27673081782
27673079887
27673077688
27673076584
27673076345
27673073542
27673069358
27673069073
27673069001
27673067752
27673065214
27673062296
27673061849
27673061308
27673055056
27673054742
27673052257
27673051304
27673045914
27673038690
27673036643
27673034318
27673033543
27673029851
27673029634
27673026877
27673024892
27673022300
27673020359
27673013764
27673010931
27673009639
27673003260
27673000779
27672992929
27672983771
27672980321
27672979379
27672979036
27672978923
27672976021
27672975772
27672973362
27672971589
27672970211
27672969852
27672968844
27672962920
27672954375
27672954044
27672944059
27672937577
27672933019
27672928721
27672928080
27672927404
27672924623
27672923808
27672920939
27672919594
27672915727
27672915417
27672911414
27672909468
27672903822
27672901552
27672901160
27672900251
27672893008
27672888933
27672884083
27672883287
27672880453
27672877761
27672874180
27672873559
27672872780
27672872723
27672865387
27672864617
27672861058
27672860283
27672855228
27672854234
27672853753
27672852359
27672849517
27672841616
27672838734
27672832062
27672829231
27672827766
27672827108
27672826569
27672824666
27672824029
27672821216
27672815461
27672813258
27672811451
27672803938
27672803197
27672798846
27672794292
27672793846
27672791382
27672787289
27672786900
27672786897
27672786683
27672782418
27672781416
27672780628
27672779924
27672779603
27672778055
27672773451
27672771587
27672766325
27672765705
27672764557
27672763513
27672760860
27672755483
27672749794
27672748046
27672745249
27672737759
27672736356
27672735241
27672732129
27672729994
27672725097
27672724739
27672722729
27672721485
27672721378
27672717667
27672707642
27672701982
27672700270
27672697838
27672697583
27672695631
27672694298
27672689998
27672688018
27672685759
27672684637
27672683693
27672680692
27672679919
27672678626
27672675221
27672672005
27672670301
27672669023
27672669013
27672662761
27672661949
27672655723
27672653811
27672647318
27672646414
27672637750
27672636858
27672631895
27672629539
27672627476
27672618941
27672613675
27672613193
27672612586
27672604731
27672603829
27672603033
27672602691
27672601420
27672600591
27672599932
27672595017
27672593311
27672591459
27672589178
27672588333
27672585460
27672582643
27672578037
27672577144
27672574186
27672573766
27672573182
27672572862
27672571080
27672568000
27672567154
27672565388
27672559774
27672556908
27672555788
27672555635
27672554120
27672546885
27672546673
27672545165
27672545096
27672541941
27672541107
27672541086
27672540200
27672536839
27672528061
27672527723
27672526281
27672524604
27672522148
27672514543
27672510181
27672506677
27672505995
27672505610
27672501153
27672496398
27672496371
27672493579
27672486658
27672485091
27672484850
27672484040
27672481626
27672476857
27672475740
27672472904
27672469254
27672464904
27672460290
27672459954
27672459699
27672454653
27672451623
27672449994
27672447551
27672440128
27672436008
27672433133
27672432275
27672428347
27672427697
27672424676
27672424600
27672420612
27672417778
27672414027
27672412362
27672410572
27672410401
27672409909
27672409749
27672409413
27672408076
27672406066
27672403321
27672399369
27672398465
27672394767
27672394024
27672392530
27672387708
27672386699
27672385339
27672384516
27672382030
27672378643
27672378088
27672375078
27672372402
27672370993
27672368090
27672366785
27672366421
27672366357
27672365769
27672363145
27672361716
27672354106
27672353360
27672350618
27672349071
27672347899
27672345050
27672342617
27672341230
27672340067
27672335795
27672333151
27672331724
27672330929
27672330895
27672329123
27672328390
27672323032
27672323023
27672319216
27672318420
27672317897
27672316282
27672316127
27672300656
27672300292
27672300263
27672299514
27672298775
27672297754
27672296639
27672293083
27672283550
27672283463
27672282498
27672281883
27672278953
27672277884
27672277585
27672275573
27672269125
27672264697
27672264666
27672264373
27672262480
27672260537
27672260247
27672251111
27672250130
27672244054
27672242503
27672242057
27672240517
27672239974
27672235417
27672235268
27672235146
27672233713
27672230123
27672229189
27672227132
27672226614
27672225109
27672221393
27672219629
27672215832
27672213473
27672210123
27672209814
27672207154
27672206908
27672206178
27672204002
27672200887
27672199644
27672198789
27672195376
27672193850
27672189411
27672184799
27672183178
27672182017
27672181203
27672178363
27672175293
27672174693
27672174191
27672172901
27672172635
27672166221
27672162595
27672157161
27672156161
27672153652
27672153120
27672152722
27672137375
27672129946
27672129713
27672127565
27672125712
27672121906
27672121264
27672113530
27672112610
27672112147
27672108019
27672108017
27672107710
27672103780
27672101758
27672101699
27672100793
27672099343
27672094473
27672093174
27672093029
27672090218
27672088367
27672087497
27672081614
27672080755
27672078557
27672078163
27672076468
27672070287
27672069368
27672068371
27672067985
27672067345
27672062520
27672061115
27672060087
27672058597
27672057928
27672054594
27672050488
27672049526
27672042270
27672041420
27672039250
27672036270
27672035612
27672031560
27672027355
27672026767
27672024650
27672023589
27672022776
27672022528
27672021655
27672019336
27672015329
27672013738
27672007634
27672004760
27672003642
27672000942
27672000668
27672000601
27671996954
27671995857
27671995754
27671991733
27671990043
27671989256
27671987992
27671982953
27671978737
27671975774
27671975528
27671975226
27671973119
27671972016
27671967695
27671966026
27671959242
27671951319
27671949117
27671946809
27671942261
27671938750
27671936616
27671933833
27671933767
27671932937
27671928319
27671927130
27671926804
27671926546
27671925783
27671924942
27671923291
27671923202
27671922720
27671912114
27671911311
27671908186
27671905001
27671903631
27671895053
27671890426
27671887854
27671887103
27671884876
27671874772
27671873034
27671870146
27671869773
27671868705
27671866558
27671863990
27671862377
27671861789
27671855745
27671854600
27671846840
27671843569
27671841505
27671839696
27671835269
27671833769
27671832169
27671830382
27671827488
27671826943
27671823604
27671821829
27671819606
27671816938
27671816217
27671815896
27671814861
27671813797
27671812868
27671807771
27671806657
27671804490
27671801714
27671798655
27671796515
27671796050
27671791898
27671787878
27671786887
27671782027
27671781470
27671776770
27671774071
27671771340
27671771323
27671769676
27671768559
27671768427
27671763742
27671757263
27671756633
27671747655
27671743728
27671742820
27671742601
27671733858
27671731374
27671729292
27671728833
27671728613
27671722745
27671722026
27671721815
27671720595
27671719504
27671709840
27671705880
27671703784
27671697798
27671696183
27671691525
27671687459
27671684321
27671677722
27671677080
27671675745
27671674166
27671674159
27671674093
27671671498
27671670964
27671670139
27671668619
27671666214
27671665979
27671662334
27671661616
27671661337
27671659166
27671657417
27671656629
27671656614
27671655938
27671655226
27671654738
27671653993
27671652437
27671652401
27671649945
27671649093
27671648352
27671647579
27671646230
27671645865
27671644586
27671642921
27671640341
27671640274
27671638738
27671634928
27671633154
27671632534
27671632118
27671630088
27671627833
27671624364
27671622144
27671619155
27671618333
27671616775
27671615556
27671615407
27671614888
27671611940
27671608604
27671603479
27671602721
27671601977
27671599410
27671599327
27671599097
27671598768
27671597531
27671593801
27671593644
27671591592
27671589463
27671589294
27671589185
27671588335
27671587409
27671580694
27671577691
27671575228
27671574727
27671571139
27671569274
27671568907
27671566304
27671564672
27671563377
27671555765
27671552632
27671551620
27671544193
27671544124
27671543939
27671543129
27671541979
27671539112
27671536886
27671533581
27671529961
27671528413
27671528296
27671527714
27671522160
27671518841
27671516751
27671515961
27671509160
27671503922
27671497469
27671497120
27671496498
27671496132
27671488708
27671487179
27671486454
27671484733
27671481828
27671478616
27671475291
27671470482
27671468784
27671468283
27671467896
27671466344
27671465922
27671464597
27671464304
27671462132
27671459194
27671458100
27671457822
27671456678
27671455542
27671454959
27671451705
27671450850
27671450155
27671450049
27671449590
27671449498
27671445993
27671442672
27671442609
27671440308
27671439148
27671436054
27671434331
27671433732
27671431914
27671430909
27671426779
27671425985
27671425637
27671420270
27671419535
27671418598
27671417719
27671415687
27671415312
27671413510
27671410223
27671405928
27671405454
27671405282
27671396281
27671395964
27671390771
27671388792
27671388213
27671385642
27671382029
27671375344
27671373602
27671373009
27671369769
27671366113
27671361396
27671359497
27671357196
27671356942
27671355803
27671354411
27671346860
27671345545
27671343912
27671339647
27671336448
27671335514
27671334705
27671334556
27671334340
27671331777
27671331607
27671331364
27671331082
27671329262
27671329121
27671322728
27671320966
27671319921
27671319608
27671317629
27671315736
27671315254
27671313321
27671311008
27671310992
27671310422
27671309560
27671307120
27671302280
27671300177
27671299347
27671297810
27671297212
27671296815
27671296449
27671290086
27671289648
27671283210
27671279331
27671272714
27671270978
27671269266
27671268695
27671267677
27671267261
27671265399
27671262696
27671255893
27671253522
27671253446
27671252828
27671252265
27671252126
27671250300
27671248968
27671246804
27671243125
27671242831
27671241708
27671240647
27671235574
27671234246
27671232344
27671230469
27671223982
27671223018
27671222716
27671218575
27671217386
27671213718
27671212254
27671212086
27671211482
27671210466
27671210114
27671209270
27671207728
27671204429
27671203004
27671202318
27671201447
27671200490
27671198647
27671198271
27671197418
27671196742
27671192396
27671189376
27671185549
27671183252
27671183123
27671179395
27671172399
27671170439
27671168356
27671165753
27671159882
27671159162
27671156446
27671156013
27671149992
27671142861
27671136583
27671135050
27671132205
27671121865
27671112647
27671111220
27671108958
27671108098
27671106965
27671105630
27671103812
27671103739
27671102858
27671102299
27671101663
27671100343
27671100316
27671097369
27671095413
27671095158
27671092960
27671092052
27671091852
27671091085
27671087945
27671084154
27671080749
27671077069
27671076894
27671071515
27671067989
27671067363
27671067198
27671064237
27671063076
27671062998
27671062412
27671060630
27671057668
27671055809
27671055495
27671053158
27671048383
27671047757
27671046200
27671039605
27671039072
27671037802
27671034694
27671029179
27671026688
27671021035
27671020349
27671020303
27671020011
27671018211
27671015106
27671012605
27671009972
27671009548
27671005454
27671004197
27671004096
27671003662
27671001335
27671000030
27670996582
27670994474
27670993592
27670991708
27670986650
27670986117
27670982612
27670980480
27670978820
27670977937
27670973501
27670972546
27670971518
27670969509
27670967502
27670967397
27670963113
27670960563
27670958957
27670956045
27670955289
27670950973
27670950566
27670950337
27670948885
27670947909
27670944004
27670940139
27670938235
27670934638
27670932739
27670930490
27670930162
27670927091
27670925579
27670924683
27670921670
27670919719
27670918185
27670917668
27670916754
27670914590
27670913441
27670911577
27670910376
27670909989
27670909363
27670907586
27670906629
27670904285
27670903838
27670902818
27670901922
27670901233
27670899635
27670898220
27670894413
27670892359
27670888916
27670888834
27670888454
27670887634
27670887281
27670884849
27670883537
27670882990
27670881847
27670879307
27670877432
27670874837
27670874701
27670870508
27670867448
27670866064
27670858983
27670856339
27670855873
27670852368
27670850052
27670849906
27670845505
27670844481
27670843363
27670840155
27670839091
27670838785
27670835392
27670834106
27670833870
27670831882
27670829903
27670827660
27670820926
27670819222
27670816920
27670815171
27670813281
27670812827
27670811084
27670810511
27670809649
27670809140
27670809123
27670808201
27670807282
27670806858
27670806453
27670806142
27670805097
27670804928
27670803539
27670802441
27670798816
27670798533
27670796246
27670791712
27670788831
27670788386
27670786837
27670786774
27670782680
27670777868
27670777785
27670777125
27670777097
27670776473
27670769910
27670769440
27670768582
27670767780
27670767316
27670765978
27670761710
27670760733
27670760601
27670759026
27670757198
27670756221
27670755509
27670755186
27670750273
27670750218
27670749785
27670748212
27670745083
27670740089
27670737107
27670736909
27670734288
27670733262
27670732620
27670731140
27670727359
27670725939
27670724644
27670724317
27670720231
27670718866
27670715595
27670714031
27670713020
27670709117
27670707916
27670707653
27670705646
27670705438
27670703889
27670703617
27670702809
27670697720
27670697191
27670697173
27670696786
27670695259
27670692746
27670691997
27670690735
27670687535
27670686069
27670683854
27670678179
27670677851
27670676342
27670672109
27670670299
27670666888
27670663929
27670661016
27670660852
27670658662
27670657022
27670656720
27670654869
27670654229
27670651076
27670650497
27670649175
27670648313
27670647378
27670646355
27670644681
27670643939
27670640601
27670640314
27670639740
27670636217
27670630290
27670629586
27670629273
27670629048
27670624185
27670623186
27670623154
27670615229
27670614115
27670611725
27670607688
27670604570
27670602957
27670601488
27670600539
27670591177
27670590600
27670589407
27670588228
27670588039
27670585024
27670581758
27670575426
27670573712
27670572729
27670570922
27670570418
27670569990
27670567273
27670563554
27670562087
27670559810
27670559490
27670552704
27670552248
27670550608
27670549432
27670548840
27670548095
27670543944
27670539707
27670538880
27670536710
27670536235
27670536100
27670535639
27670529648
27670520523
27670518918
27670513109
27670512412
27670510665
27670508960
27670504811
27670503083
27670500784
27670500758
27670499387
27670499209
27670497307
27670493548
27670491194
27670489048
27670488274
27670485902
27670485305
27670481455
27670478671
27670477186
27670475695
27670474094
27670470945
27670470861
27670470805
27670469584
27670466694
27670460235
27670459350
27670459336
27670458083
27670455842
27670454649
27670454548
27670451321
27670451282
27670449112
27670448951
27670444612
27670444208
27670444021
27670440147
27670438896
27670435898
27670434064
27670433970
27670433749
27670430491
27670426092
27670426027
27670424245
27670423428
27670423332
27670422624
27670422026
27670421261
27670416622
27670415493
27670414654
27670413712
27670412624
27670410889
27670409170
27670402616
27670399034
27670394180
27670392719
27670391483
27670391082
27670381226
27670376900
27670376781
27670374754
27670373093
27670372940
27670371700
27670371383
27670371029
27670369948
27670366584
27670361235
27670359466
27670358156
27670357371
27670355673
27670353087
27670350880
27670350134
27670348754
27670341383
27670338929
27670335223
27670334998
27670334712
27670333602
27670329622
27670326811
27670323038
27670322101
27670317625
27670316714
27670316024
27670314468
27670314328
27670314036
27670312919
27670310784
27670310624
27670310353
27670309869
27670309832
27670308089
27670307322
27670306903
27670306052
27670305225
27670301217
27670300499
27670300232
27670299260
27670298025
27670294442
27670288384
27670286778
27670284487
27670283739
27670282765
27670280074
27670279933
27670277115
27670273234
27670272803
27670271131
27670270906
27670267029
27670260570
27670259654
27670254830
27670254016
27670250109
27670248458
27670246772
27670243615
27670243475
27670242623
27670240799
27670239447
27670234251
27670233610
27670230760
27670227660
27670226886
27670225009
27670224288
27670221390
27670219909
27670219388
27670216840
27670216722
27670215240
27670211946
27670210582
27670210153
27670208833
27670206094
27670205618
27670205160
27670203028
27670201475
27670197784
27670197719
27670195244
27670187628
27670187407
27670186017
27670184878
27670184112
27670181128
27670179663
27670178775
27670171625
27670171241
27670162512
27670162237
27670159340
27670156983
27670156758
27670154617
27670152404
27670147485
27670147444
27670146614
27670142385
27670141285
27670139396
27670138539
27670136462
27670133591
27670131282
27670129128
27670122869
27670122817
27670121633
27670121074
27670120724
27670120074
27670118830
27670112693
27670111820
27670108641
27670108476
27670108202
27670100902
27670099467
27670098986
27670095801
27670095782
27670093367
27670092353
27670084330
27670083191
27670082414
27670082320
27670081308
27670078588
27670076606
27670076267
27670074794
27670074509
27670069692
27670069219
27670068359
27670067649
27670062475
27670061985
27670060867
27670059647
27670058145
27670054908
27670054235
27670053848
27670053425
27670049539
27670048813
27670048277
27670047839
27670046577
27670046139
27670045816
27670043288
27670037563
27670036978
27670036857
27670034686
27670034212
27670033885
27670032818
27670031219
27670026221
27670024022
27670018332
27670017382
27670016335
27670015714
27670015615
27670015080
27670011899
27670011895
27670008885
27670007650
27670006731
27670006456
27670005259
27670004800
27670004696
27670002603
27670001711
27670000090
27669653233
27669551318
27669134450
27669050095
27668520999
27667808749
27667324682
27666675221
27666666666
27666598493
27666506297
27666304965
27666294112
27666240795
27666228262
27665999087
27665999007
27665998065
27665997507
27665996865
27665996817
27665995056
27665994893
27665985238
27665982771
27665982011
27665978525
27665977800
27665977412
27665976292
27665974926
27665974905
27665973580
27665973193
27665972174
27665970139
27665969457
27665968018
27665965968
27665963738
27665963430
27665960442
27665958411
27665953979
27665952964
27665951520
27665951149
27665949996
27665947429
27665944350
27665941170
27665939059
27665938509
27665937710
27665936665
27665932553
27665930170
27665929311
27665929287
27665928573
27665924698
27665922661
27665921903
27665921665
27665919069
27665916829
27665912396
27665907189
27665905547
27665905154
27665905023
27665904411
27665903758
27665903156
27665902246
27665895004
27665894818
27665894218
27665894199
27665891972
27665889870
27665888513
27665883038
27665882419
27665881565
27665881317
27665881211
27665881041
27665878429
27665877244
27665877043
27665867751
27665865723
27665864847
27665864568
27665860431
27665858721
27665845616
27665844724
27665844309
27665841416
27665839343
27665837440
27665835790
27665835641
27665830650
27665830201
27665829146
27665826625
27665826095
27665823584
27665822616
27665818728
27665817505
27665817150
27665816949
27665815956
27665814672
27665805926
27665805902
27665805425
27665799735
27665798702
27665792209
27665792111
27665790946
27665790490
27665788713
27665786995
27665786943
27665781267
27665775201
27665771814
27665767006
27665764303
27665760492
27665759256
27665753941
27665753323
27665753122
27665750762
27665750314
27665749011
27665748496
27665746052
27665740234
27665736990
27665734908
27665734621
27665730930
27665730137
27665728999
27665728637
27665726084
27665725021
27665723089
27665721882
27665719962
27665719613
27665712698
27665709935
27665709030
27665708787
27665708217
27665706535
27665704029
27665699788
27665699348
27665697899
27665694396
27665688357
27665687137
27665684641
27665680207
27665679321
27665678316
27665676994
27665676188
27665671388
27665671225
27665669103
27665667827
27665666578
27665666514
27665666239
27665664091
27665661561
27665647251
27665646767
27665643815
27665642675
27665641717
27665637952
27665637409
27665636663
27665634639
27665634304
27665633308
27665631185
27665629604
27665629316
27665629220
27665629094
27665628919
27665625361
27665623473
27665623019
27665621845
27665619907
27665615565
27665615418
27665614312
27665612261
27665609841
27665609244
27665608134
27665605947
27665603405
27665598562
27665597287
27665597118
27665596048
27665592863
27665592199
27665590786
27665589077
27665583651
27665583037
27665580159
27665578540
27665576546
27665576225
27665575671
27665573989
27665563854
27665561525
27665561506
27665558284
27665556553
27665555384
27665555058
27665553706
27665553623
27665550300
27665550085
27665548582
27665547528
27665540190
27665540112
27665539971
27665534058
27665531561
27665530778
27665526387
27665525931
27665521003
27665519270
27665518887
27665518220
27665516665
27665514201
27665512448
27665511221
27665510987
27665508984
27665505387
27665503643
27665500744
27665500031
27665498081
27665493318
27665489544
27665486311
27665485101
27665484369
27665482049
27665481560
27665476252
27665474748
27665467606
27665465070
27665461669
27665460715
27665457283
27665456681
27665456493
27665454398
27665451698
27665451085
27665449829
27665446777
27665444627
27665439313
27665436870
27665435559
27665433856
27665433816
27665433370
27665432665
27665432573
27665432069
27665431457
27665429671
27665428295
27665420264
27665419987
27665415282
27665415127
27665409303
27665406241
27665404985
27665401099
27665400932
27665400556
27665400187
27665399611
27665399395
27665397548
27665394520
27665390744
27665389354
27665387861
27665384647
27665379052
27665378595
27665375749
27665373416
27665369551
27665367867
27665358104
27665357538
27665354084
27665350208
27665349615
27665345184
27665345139
27665343692
27665343121
27665342407
27665339361
27665337341
27665337256
27665336714
27665336293
27665334117
27665333430
27665332549
27665331510
27665330269
27665327369
27665325675
27665324689
27665323818
27665323741
27665322949
27665320942
27665319904
27665317284
27665316068
27665315954
27665313177
27665312418
27665311213
27665310923
27665308552
27665304588
27665304436
27665302859
27665294990
27665294961
27665294595
27665294346
27665293281
27665292203
27665291730
27665289679
27665285922
27665285897
27665279089
27665277433
27665276934
27665276212
27665275203
27665272645
27665271458
27665262934
27665261756
27665260261
27665259209
27665259171
27665258933
27665257520
27665253685
27665252856
27665250166
27665249963
27665246627
27665244203
27665242472
27665241957
27665241227
27665239918
27665239712
27665238586
27665233118
27665232994
27665231535
27665231125
27665229478
27665229370
27665226219
27665226217
27665225549
27665223328
27665217936
27665215046
27665212036
27665211504
27665211303
27665207974
27665207789
27665207624
27665207065
27665203399
27665199977
27665197881
27665196623
27665195879
27665193234
27665193072
27665192379
27665191832
27665190252
27665182154
27665179389
27665179090
27665178829
27665178609
27665176690
27665175870
27665173733
27665169390
27665168988
27665168061
27665166612
27665160737
27665160328
27665158801
27665157820
27665157461
27665156030
27665155853
27665154307
27665153552
27665152005
27665148915
27665141595
27665141328
27665139780
27665139777
27665138265
27665137406
27665136208
27665133443
27665131416
27665130603
27665130390
27665128891
27665127312
27665125325
27665117749
27665117227
27665116296
27665115960
27665114067
27665110019
27665107958
27665107187
27665104512
27665104146
27665102828
27665099642
27665098521
27665097449
27665092855
27665092004
27665090638
27665087276
27665082920
27665082193
27665076425
27665076114
27665075773
27665075211
27665074367
27665074361
27665071108
27665069176
27665068964
27665067499
27665064928
27665061122
27665060828
27665059517
27665058875
27665058105
27665057760
27665056972
27665054768
27665049802
27665049529
27665049316
27665042623
27665042512
27665042342
27665041511
27665040037
27665039756
27665033200
27665032858
27665029764
27665021630
27665021403
27665016283
27665014274
27665012671
27665010889
27665008862
27665007301
27665000241
27665000128
27664999159
27664993076
27664991034
27664988882
27664986750
27664986051
27664981582
27664981107
27664979496
27664974213
27664973707
27664973025
27664969850
27664969491
27664969385
27664968115
27664967852
27664967799
27664967163
27664965456
27664964091
27664963635
27664961264
27664960127
27664958618
27664956558
27664954185
27664953634
27664953100
27664952742
27664950725
27664947376
27664945079
27664945078
27664943543
27664939905
27664939535
27664938820
27664929491
27664923756
27664923011
27664922252
27664920786
27664920683
27664917430
27664916350
27664915166
27664908515
27664907631
27664907575
27664906658
27664906178
27664905633
27664904857
27664904703
27664902705
27664902438
27664897335
27664890275
27664882979
27664873427
27664872359
27664869452
27664867141
27664844693
27664843728
27664835629
27664832526
27664807574
27664804064
27664796124
27664795639
27664782291
27664780081
27664779171
27664768857
27664762481
27664761923
27664756943
27664750778
27664739093
27664738669
27664736112
27664730919
27664726352
27664723919
27664723887
27664723785
27664722762
27664718508
27664701523
27664697113
27664696190
27664694265
27664686917
27664686892
27664686814
27664684491
27664683635
27664682131
27664681515
27664681356
27664678033
27664675942
27664675699
27664674188
27664670564
27664670222
27664668061
27664666455
27664664431
27664662913
27664662314
27664656895
27664655551
27664654327
27664653445
27664652811
27664649382
27664648025
27664647735
27664647439
27664644107
27664643026
27664642186
27664642057
27664641261
27664640727
27664638120
27664637436
27664634952
27664634800
27664631718
27664630068
27664629479
27664627776
27664624377
27664624185
27664622411
27664620197
27664620188
27664617599
27664615904
27664612428
27664608732
27664607543
27664606892
27664605305
27664603611
27664602236
27664599938
27664598701
27664593111
27664591604
27664586548
27664585867
27664585372
27664584924
27664584115
27664582233
27664577059
27664575486
27664573393
27664566790
27664564188
27664562564
27664562367
27664562246
27664559685
27664557858
27664557536
27664552959
27664547887
27664545929
27664544480
27664543891
27664542274
27664541161
27664536907
27664536044
27664534328
27664533790
27664532451
27664532351
27664530311
27664529393
27664527815
27664525893
27664525501
27664525466
27664523593
27664519016
27664513786
27664512980
27664512050
27664507817
27664505561
27664502196
27664501508
27664499208
27664495005
27664491753
27664489998
27664488850
27664486345
27664484080
27664484074
27664480395
27664477835
27664476037
27664475006
27664474125
27664473362
27664472825
27664471794
27664471008
27664470344
27664470246
27664466529
27664466258
27664465177
27664465168
27664462998
27664460605
27664459654
27664459031
27664458182
27664456090
27664448987
27664448297
27664447885
27664445980
27664444799
27664443094
27664442094
27664441082
27664440744
27664437276
27664437176
27664436268
27664433676
27664433457
27664431584
27664428973
27664426528
27664426458
27664425985
27664425629
27664424383
27664424229
27664423951
27664420509
27664419806
27664419586
27664417238
27664412711
27664412016
27664411335
27664411251
27664409784
27664409263
27664407331
27664406299
27664406050
27664404060
27664403966
27664403411
27664402648
27664398000
27664394560
27664390121
27664389967
27664389431
27664385920
27664384636
27664375551
27664373606
27664372784
27664372163
27664371922
27664371071
27664360950
27664357892
27664356594
27664355468
27664352505
27664352338
27664351732
27664350839
27664349246
27664348473
27664346454
27664344689
27664344403
27664343417
27664342886
27664342727
27664340867
27664340028
27664338798
27664335530
27664334765
27664330934
27664330788
27664328080
27664327321
27664326456
27664325609
27664323452
27664322451
27664321854
27664321363
27664320534
27664317647
27664316590
27664316224
27664315208
27664314015
27664312294
27664311511
27664310075
27664309476
27664307958
27664302257
27664302111
27664301754
27664300503
27664299212
27664296712
27664295963
27664294191
27664290004
27664288714
27664287984
27664287657
27664280284
27664277551
27664273495
27664270883
27664269023
27664267933
27664265261
27664263256
27664262672
27664259911
27664258980
27664258953
27664258280
27664256848
27664255110
27664253084
27664249111
27664248152
27664247338
27664245862
27664244977
27664243445
27664240091
27664238889
27664238297
27664237601
27664237321
27664233441
27664227937
27664227538
27664223247
27664222629
27664220486
27664218861
27664218027
27664215500
27664213347
27664212709
27664211532
27664203362
27664202600
27664201630
27664201463
27664199588
27664199167
27664194002
27664188415
27664183282
27664183235
27664181025
27664180307
27664180002
27664177067
27664174993
27664174977
27664173642
27664171598
27664170935
27664170801
27664166337
27664164657
27664164495
27664158353
27664157666
27664155105
27664147713
27664143819
27664142324
27664141101
27664140984
27664139248
27664137128
27664134246
27664131240
27664130608
27664129668
27664128328
27664121281
27664119714
27664119133
27664117718
27664116557
27664112227
27664111819
27664110026
27664109994
27664108385
27664106603
27664095740
27664095201
27664093805
27664093371
27664093368
27664092797
27664091759
27664090562
27664088974
27664088555
27664085763
27664084331
27664081389
27664080603
27664078904
27664078540
27664077952
27664077165
27664077070
27664075946
27664075217
27664074182
27664073601
27664072714
27664072640
27664068513
27664066784
27664066026
27664064863
27664062157
27664061168
27664059666
27664059145
27664058453
27664057469
27664056293
27664051512
27664051100
27664049988
27664048765
27664047085
27664045852
27664043506
27664043385
27664042608
27664041551
27664040335
27664035498
27664030256
27664026949
27664022437
27664021655
27664020799
27664019424
27664015340
27664011040
27664010024
27664006850
27664006152
27664005829
27664005284
27664004795
27664002483
27663999881
27663998150
27663992664
27663992402
27663991929
27663989988
27663989317
27663988551
27663985964
27663985156
27663983442
27663981439
27663980103
27663979866
27663976692
27663976647
27663976173
27663972186
27663971319
27663968072
27663967334
27663966066
27663966039
27663965522
27663963123
27663962652
27663961945
27663961787
27663961238
27663960164
27663957533
27663953553
27663953258
27663952690
27663947783
27663945910
27663943596
27663943084
27663939323
27663938921
27663937724
27663935575
27663935422
27663933935
27663933338
27663932427
27663928747
27663926082
27663922709
27663918895
27663918821
27663916079
27663904188
27663902739
27663902316
27663901365
27663897737
27663894690
27663893906
27663892134
27663891167
27663889856
27663884068
27663883688
27663882622
27663880347
27663872236
27663863609
27663861691
27663858311
27663855719
27663854325
27663851661
27663849827
27663849787
27663847443
27663843697
27663843310
27663842249
27663840369
27663839064
27663837864
27663837502
27663837227
27663836994
27663836849
27663833894
27663833851
27663832807
27663831574
27663825752
27663820901
27663820215
27663816695
27663816145
27663812968
27663811318
27663808054
27663805609
27663803404
27663802772
27663802718
27663801216
27663800548
27663794330
27663794103
27663792463
27663791620
27663787363
27663786435
27663785687
27663784915
27663784614
27663782692
27663782491
27663779543
27663777809
27663777475
27663773893
27663772639
27663772051
27663769995
27663766082
27663762749
27663760954
27663758576
27663753131
27663751543
27663744349
27663741052
27663739704
27663738539
27663737676
27663737091
27663736658
27663732485
27663731757
27663730776
27663729446
27663728680
27663726490
27663724362
27663722761
27663721943
27663719992
27663719959
27663719834
27663719490
27663718522
27663718315
27663718050
27663711739
27663698312
27663695968
27663694796
27663693883
27663692347
27663692042
27663690700
27663690615
27663687921
27663687182
27663685804
27663681660
27663679124
27663678179
27663672522
27663671738
27663669799
27663665166
27663664542
27663664344
27663662994
27663659789
27663654058
27663652540
27663650020
27663649495
27663648532
27663648237
27663648208
27663646867
27663646261
27663644315
27663643832
27663642823
27663639893
27663639752
27663634086
27663632891
27663630330
27663626659
27663626116
27663625338
27663625310
27663624138
27663623625
27663622755
27663621341
27663616934
27663616102
27663615950
27663610634
27663604953
27663601822
27663600984
27663600051
27663599480
27663598873
27663596014
27663594756
27663593754
27663589236
27663588391
27663588202
27663583293
27663582525
27663581267
27663580847
27663579010
27663574677
27663572424
27663572040
27663571382
27663569625
27663568105
27663564249
27663561716
27663561518
27663560078
27663553273
27663553254
27663553046
27663552988
27663547513
27663545885
27663544204
27663541458
27663540013
27663536106
27663533235
27663528873
27663527861
27663522821
27663522514
27663520528
27663517831
27663517488
27663515074
27663510395
27663509568
27663506052
27663501368
27663493322
27663486146
27663485493
27663483689
27663481408
27663481165
27663480720
27663480645
27663478469
27663476364
27663475531
27663474933
27663473162
27663472901
27663472363
27663472344
27663471830
27663471254
27663470800
27663470071
27663463121
27663462584
27663461826
27663459659
27663459580
27663459312
27663457844
27663457609
27663453974
27663451684
27663450761
27663448264
27663448145
27663445868
27663439790
27663439226
27663438874
27663438663
27663436880
27663434456
27663432457
27663430543
27663429818
27663426916
27663424677
27663424534
27663421732
27663421124
27663414121
27663413260
27663412555
27663411309
27663411165
27663408862
27663402455
27663402272
27663401029
27663397809
27663397066
27663396616
27663391534
27663385302
27663384825
27663383981
27663381987
27663381022
27663378075
27663377391
27663376267
27663374125
27663366927
27663365069
27663364002
27663361536
27663358391
27663358299
27663353789
27663353021
27663352545
27663351491
27663348304
27663347422
27663346751
27663346593
27663342691
27663333935
27663333018
27663331542
27663328649
27663327243
27663324228
27663324220
27663320387
27663318981
27663317437
27663317034
27663316998
27663316401
27663316014
27663315615
27663314981
27663309769
27663309684
27663307618
27663307346
27663305880
27663303994
27663300252
27663297262
27663296701
27663293017
27663292396
27663290989
27663289216
27663288264
27663287166
27663285733
27663285540
27663284732
27663283399
27663281108
27663276811
27663276076
27663274316
27663270560
27663269169
27663266509
27663266447
27663265613
27663263835
27663257089
27663255810
27663253242
27663252306
27663250889
27663249075
27663248399
27663244728
27663243322
27663243240
27663241197
27663233156
27663232385
27663232338
27663232317
27663227309
27663227070
27663226910
27663223919
27663222965
27663220426
27663220137
27663216703
27663216681
27663212528
27663211502
27663211229
27663209946
27663206423
27663204537
27663203070
27663202586
27663201785
27663201354
27663198992
27663198334
27663194115
27663193849
27663190906
27663181523
27663181399
27663179791
27663179101
27663178507
27663176321
27663174928
27663172150
27663170314
27663167059
27663163670
27663163359
27663162748
27663161896
27663161472
27663160952
27663160737
27663159952
27663159205
27663158919
27663156313
27663154909
27663153219
27663153035
27663152473
27663149311
27663147038
27663145953
27663145365
27663144470
27663143503
27663142891
27663140906
27663140429
27663137984
27663135478
27663134480
27663133450
27663133328
27663130876
27663130092
27663129637
27663123730
27663123648
27663121454
27663112013
27663109386
27663108890
27663106354
27663103533
27663103122
27663088122
27663074658
27663073798
27663072508
27663064587
27663062767
27663051904
27663050566
27663040756
27663033538
27663025176
27663021386
27663013241
27663012416
27663005933
27663005662
27663000877
27663000674
27663000333
27662998733
27662997253
27662994466
27662994061
27662992721
27662992225
27662991574
27662991478
27662989123
27662984232
27662981091
27662979010
27662967228
27662964147
27662963525
27662962385
27662958320
27662952720
27662951436
27662949996
27662948014
27662946324
27662945508
27662944613
27662938621
27662937366
27662935573
27662934613
27662932594
27662932152
27662929228
27662927262
27662925155
27662924502
27662923535
27662919846
27662913213
27662907601
27662906861
27662905058
27662903737
27662900737
27662899877
27662899724
27662898411
27662898233
27662897098
27662896586
27662894852
27662892342
27662889238
27662887835
27662887262
27662885334
27662883661
27662883337
27662881253
27662878205
27662877565
27662875973
27662874686
27662874272
27662872170
27662871483
27662869906
27662868134
27662866703
27662866576
27662866148
27662863582
27662858862
27662853507
27662853261
27662851074
27662849920
27662846223
27662845071
27662844069
27662835683
27662833517
27662829461
27662816504
27662814143
27662812044
27662809684
27662808324
27662806959
27662798256
27662797483
27662796200
27662796028
27662794540
27662792752
27662784804
27662781192
27662778222
27662765845
27662764355
27662763818
27662758358
27662758060
27662752183
27662748087
27662746977
27662743067
27662742094
27662741504
27662741317
27662741232
27662738360
27662736339
27662733294
27662728949
27662725600
27662720122
27662717222
27662717141
27662714533
27662713274
27662712785
27662711825
27662708682
27662707892
27662706986
27662704835
27662704619
27662703086
27662702650
27662702124
27662700978
27662700651
27662700509
27662699643
27662698073
27662697786
27662692592
27662692390
27662691708
27662691438
27662691389
27662688739
27662686018
27662684824
27662684382
27662680307
27662678867
27662677668
27662676624
27662676508
27662675525
27662674500
27662669088
27662665339
27662663778
27662660817
27662660739
27662656542
27662655024
27662654712
27662653754
27662650634
27662647183
27662642962
27662641001
27662639461
27662633649
27662633338
27662632486
27662624852
27662624003
27662622565
27662621513
27662619391
27662617691
27662614932
27662612481
27662611610
27662608202
27662587040
27662581907
27662581816
27662581343
27662578289
27662564775
27662564483
27662563938
27662560258
27662555699
27662553786
27662551979
27662551826
27662550889
27662548112
27662547491
27662545584
27662536298
27662532329
27662532229
27662532141
27662531744
27662530664
27662530157
27662528654
27662525171
27662523621
27662521125
27662520599
27662518040
27662516519
27662516403
27662514628
27662514152
27662506221
27662504948
27662504155
27662503388
27662502409
27662501098
27662498818
27662495069
27662490736
27662490145
27662490006
27662483717
27662483603
27662483273
27662477752
27662474142
27662467802
27662467363
27662465905
27662465499
27662460888
27662460461
27662456251
27662455433
27662450063
27662447769
27662445784
27662443532
27662441262
27662440634
27662435545
27662433246
27662433113
27662429455
27662428938
27662427924
27662424196
27662422715
27662421183
27662420635
27662419053
27662416164
27662410763
27662410656
27662410493
27662407725
27662407379
27662403333
27662401911
27662400477
27662398687
27662391948
27662391923
27662391578
27662388798
27662386529
27662385475
27662384155
27662382254
27662382056
27662380085
27662373641
27662372238
27662372013
27662371477
27662370564
27662365299
27662364096
27662363802
27662362569
27662362290
27662357191
27662357138
27662350861
27662350719
27662350271
27662349965
27662343630
27662342632
27662342548
27662342507
27662339574
27662338943
27662336333
27662336234
27662335391
27662334042
27662333211
27662332033
27662328894
27662328757
27662328435
27662327108
27662326447
27662325925
27662325300
27662325172
27662324675
27662323509
27662323151
27662322893
27662321229
27662320897
27662315730
27662314848
27662314544
27662314415
27662311985
27662310756
27662308832
27662307843
27662306545
27662306021
27662305999
27662303504
27662298566
27662296645
27662295608
27662294641
27662291333
27662290267
27662290061
27662289876
27662289870
27662288318
27662288084
27662287114
27662286588
27662285254
27662284468
27662278715
27662276837
27662270342
27662269004
27662268563
27662267443
27662266675
27662265020
27662263627
27662262676
27662260902
27662259138
27662257127
27662255949
27662254900
27662252499
27662249284
27662245367
27662241982
27662241538
27662239947
27662237872
27662236924
27662236449
27662236212
27662235400
27662233071
27662231109
27662225680
27662223399
27662220490
27662219707
27662219529
27662219025
27662216866
27662215614
27662214937
27662214689
27662214079
27662211579
27662207795
27662207329
27662205124
27662203353
27662203090
27662202290
27662201619
27662200860
27662200149
27662199171
27662198797
27662195308
27662195238
27662193509
27662191509
27662190685
27662189798
27662184893
27662178296
27662177065
27662174900
27662172240
27662169718
27662165143
27662164217
27662163054
27662162156
27662162028
27662158596
27662155598
27662154340
27662153197
27662153183
27662151329
27662150719
27662150261
27662149054
27662148026
27662147943
27662147204
27662146322
27662145575
27662145104
27662145004
27662129093
27662126821
27662124130
27662123616
27662120463
27662120098
27662120023
27662117500
27662117250
27662117157
27662116464
27662116315
27662115403
27662112296
27662111831
27662109546
27662105533
27662102773
27662102490
27662100619
27662100523
27662100063
27662099259
27662089880
27662089182
27662088461
27662085807
27662083289
27662083018
27662082808
27662082059
27662079703
27662077533
27662076099
27662074703
27662073766
27662073028
27662072000
27662070494
27662070395
27662068431
27662067023
27662064208
27662062947
27662062076
27662061718
27662059937
27662059549
27662058600
27662054952
27662054524
27662050898
27662050152
27662048050
27662047846
27662046987
27662046889
27662039160
27662038053
27662032575
27662031996
27662030408
27662028173
27662027889
27662024719
27662024024
27662017877
27662016436
27662015801
27662011753
27662011143
27662008838
27662008233
27662006822
27662001307
27662001167
27662000438
27661994341
27661991430
27661991038
27661987832
27661984659
27661974831
27661972730
27661970068
27661967547
27661967241
27661966720
27661959966
27661959527
27661959181
27661954148
27661951580
27661950740
27661949451
27661946877
27661940783
27661940189
27661939998
27661936063
27661934081
27661933689
27661931983
27661930127
27661927464
27661925636
27661925048
27661921779
27661920243
27661919277
27661917222
27661916580
27661913160
27661907131
27661902351
27661900603
27661897457
27661896848
27661891306
27661890286
27661888962
27661888777
27661887895
27661886879
27661886842
27661885539
27661885164
27661883230
27661880033
27661879066
27661878763
27661875900
27661875835
27661875833
27661873726
27661873114
27661867940
27661867629
27661865766
27661865554
27661864675
27661863098
27661861530
27661860558
27661859997
27661859247
27661859043
27661858244
27661856678
27661853054
27661850619
27661848519
27661844192
27661843245
27661841774
27661841209
27661838771
27661838445
27661838252
27661837016
27661836225
27661836119
27661831219
27661830033
27661826809
27661825360
27661824926
27661824912
27661823569
27661823324
27661822480
27661820283
27661819986
27661819956
27661819588
27661818836
27661816379
27661813658
27661806300
27661805252
27661802266
27661800803
27661800569
27661799253
27661798432
27661796061
27661792951
27661792238
27661792097
27661792003
27661788613
27661787672
27661785882
27661781827
27661779149
27661775993
27661775013
27661774178
27661771990
27661771956
27661770484
27661767223
27661760493
27661759506
27661753137
27661749736
27661743661
27661738957
27661738765
27661737577
27661736719
27661734147
27661733775
27661733695
27661729397
27661728030
27661724659
27661724591
27661719998
27661719981
27661719179
27661718975
27661717789
27661717307
27661715567
27661710872
27661710811
27661710269
27661710250
27661709876
27661708021
27661706424
27661705600
27661704137
27661703951
27661701336
27661700969
27661700300
27661699678
27661699598
27661699105
27661697273
27661696830
27661696064
27661693961
27661692515
27661692286
27661687994
27661686862
27661686412
27661682222
27661679465
27661670669
27661670284
27661669232
27661665557
27661665302
27661664524
27661658233
27661656245
27661654227
27661650026
27661646934
27661643534
27661639021
27661636070
27661634635
27661631916
27661624993
27661624671
27661622939
27661621657
27661620754
27661619506
27661618600
27661618199
27661617246
27661616326
27661614481
27661607251
27661607117
27661606611
27661601573
27661600506
27661600480
27661600059
27661598115
27661597980
27661597496
27661594258
27661589769
27661588020
27661583498
27661581174
27661580714
27661580544
27661578997
27661578708
27661578151
27661573948
27661572704
27661571600
27661571350
27661567078
27661564412
27661562218
27661561387
27661559390
27661551483
27661548481
27661545502
27661543878
27661542926
27661541659
27661541643
27661536195
27661531786
27661527809
27661527733
27661527254
27661525384
27661524874
27661522995
27661522797
27661522308
27661521368
27661517142
27661517130
27661515715
27661515560
27661515378
27661515287
27661515112
27661513632
27661513285
27661511456
27661508396
27661508123
27661507609
27661506470
27661496857
27661495363
27661493825
27661489768
27661488754
27661488155
27661484003
27661483295
27661480677
27661478963
27661472010
27661471292
27661471203
27661469407
27661467421
27661464673
27661463721
27661463021
27661462672
27661460577
27661460488
27661460052
27661458275
27661453055
27661452081
27661447653
27661444338
27661440593
27661437682
27661432333
27661422800
27661419587
27661419397
27661419351
27661418484
27661417033
27661415873
27661413630
27661409397
27661405563
27661405519
27661404605
27661404081
27661401692
27661400358
27661399675
27661398314
27661394957
27661393644
27661392852
27661387473
27661387296
27661375302
27661372341
27661370177
27661366027
27661363179
27661362914
27661361552
27661360550
27661359797
27661357168
27661356083
27661354528
27661351305
27661350093
27661348427
27661347091
27661344998
27661344262
27661343948
27661338256
27661336804
27661335424
27661334544
27661329427
27661327904
27661326200
27661325830
27661323747
27661322466
27661321228
27661320175
27661316544
27661314962
27661312357
27661309019
27661308516
27661306531
27661302905
27661300861
27661300441
27661300341
27661300212
27661296167
27661295649
27661292132
27661290433
27661289689
27661289027
27661285821
27661282454
27661282120
27661278807
27661278714
27661272929
27661272649
27661270740
27661267882
27661267355
27661266796
27661266455
27661264863
27661264295
27661263300
27661260664
27661254509
27661253302
27661251336
27661250549
27661247502
27661246086
27661244375
27661235519
27661234213
27661233616
27661231709
27661230483
27661230349
27661230155
27661226421
27661225497
27661224296
27661224270
27661223983
27661223821
27661222424
27661217569
27661215996
27661214480
27661212807
27661212440
27661211838
27661211018
27661209821
27661209331
27661204341
27661204220
27661200433
27661200246
27661199236
27661195597
27661194872
27661194862
27661194831
27661193390
27661192935
27661190697
27661190523
27661189483
27661187293
27661187056
27661183812
27661182738
27661178942
27661176604
27661174047
27661173839
27661173489
27661173148
27661169224
27661165953
27661164764
27661163538
27661158162
27661154365
27661153798
27661144993
27661144271
27661138189
27661136982
27661134808
27661132985
27661130179
27661128017
27661124433
27661123221
27661122903
27661122264
27661121057
27661120000
27661119989
27661119274
27661118174
27661115719
27661112415
27661112233
27661112022
27661111645
27661109855
27661109487
27661108323
27661106619
27661104445
27661103545
27661101761
27661099490
27661096925
27661094875
27661091210
27661089681
27661085135
27661085034
27661083880
27661082777
27661082404
27661079784
27661079036
27661078171
27661077042
27661075188
27661074871
27661074162
27661073906
27661072777
27661067805
27661066677
27661066318
27661063209
27661062978
27661062511
27661061051
27661060760
27661058669
27661055733
27661054087
27661052701
27661052692
27661052487
27661052434
27661050543
27661048070
27661046841
27661045217
27661044885
27661042985
27661042125
27661040524
27661034423
27661034389
27661033475
27661032624
27661030037
27661029377
27661027086
27661027071
27661024486
27661024189
27661020958
27661019162
27661019079
27661016375
27661014878
27661014725
27661012194
27661011499
27661009987
27661009454
27661008997
27661003052
27661001468
27660996689
27660995487
27660994124
27660990794
27660989928
27660989882
27660988933
27660988843
27660987982
27660985231
27660985010
27660984032
27660983668
27660980734
27660980503
27660975087
27660973626
27660973609
27660971702
27660968266
27660967779
27660965609
27660961739
27660958866
27660958284
27660955438
27660955039
27660953156
27660951511
27660950933
27660946073
27660945250
27660941998
27660938268
27660938147
27660937346
27660936199
27660935771
27660934657
27660931290
27660925625
27660925284
27660924762
27660924629
27660920342
27660910686
27660909273
27660909136
27660908415
27660908134
27660907142
27660906696
27660904670
27660904185
27660901513
27660898093
27660895795
27660895463
27660891566
27660889393
27660887305
27660887111
27660886980
27660881673
27660880734
27660880705
27660880544
27660880317
27660880042
27660879746
27660879708
27660879553
27660879304
27660878305
27660877065
27660874763
27660872487
27660866665
27660864537
27660863781
27660861586
27660861178
27660855409
27660851979
27660851963
27660850836
27660846578
27660844244
27660843258
27660842716
27660835790
27660835781
27660835019
27660834035
27660832957
27660830729
27660824544
27660822700
27660821749
27660818514
27660816081
27660815426
27660805822
27660803673
27660802241
27660802065
27660800602
27660800465
27660800108
27660798930
27660797003
27660796091
27660795686
27660795357
27660794704
27660794240
27660793389
27660791908
27660790693
27660790620
27660789661
27660789021
27660788835
27660788683
27660788670
27660787873
27660786608
27660785991
27660784364
27660782063
27660781780
27660781565
27660780849
27660776760
27660768604
27660767393
27660764981
27660762477
27660761004
27660760557
27660759364
27660758213
27660755829
27660755026
27660755010
27660754446
27660754143
27660748440
27660745225
27660742999
27660742460
27660741312
27660735390
27660735315
27660733677
27660732639
27660730481
27660729796
27660729340
27660729029
27660727404
27660726753
27660724722
27660723178
27660722361
27660721683
27660720470
27660717007
27660716637
27660714480
27660712878
27660709733
27660707442
27660705304
27660700460
27660700345
27660698212
27660697018
27660695286
27660690069
27660687049
27660686652
27660686122
27660683348
27660683243
27660678227
27660678004
27660677154
27660674637
27660670591
27660669733
27660669139
27660666908
27660666763
27660660862
27660659857
27660657396
27660656661
27660655949
27660653459
27660653235
27660650499
27660648922
27660647044
27660647022
27660645927
27660644874
27660643157
27660642291
27660640224
27660639919
27660639146
27660635226
27660634131
27660631875
27660630333
27660629370
27660628374
27660628234
27660624617
27660620907
27660619530
27660617887
27660617368
27660617171
27660616855
27660614627
27660614405
27660608793
27660607819
27660607645
27660607221
27660606587
27660603940
27660602904
27660601451
27660599253
27660595817
27660595280
27660592372
27660591018
27660590645
27660588144
27660586371
27660585547
27660580589
27660580018
27660572740
27660571212
27660567462
27660565242
27660562625
27660561674
27660558903
27660553933
27660550754
27660550316
27660547401
27660545752
27660542871
27660540828
27660539485
27660534842
27660534427
27660533634
27660532001
27660529517
27660526799
27660526558
27660523707
27660522362
27660519302
27660515862
27660515750
27660515646
27660515581
27660515524
27660515161
27660508003
27660505175
27660500873
27660498435
27660496611
27660495398
27660489313
27660488781
27660488051
27660487386
27660485915
27660484615
27660475753
27660475471
27660475267
27660473653
27660472026
27660470036
27660468619
27660467368
27660466543
27660462064
27660457049
27660452742
27660452268
27660451400
27660449104
27660445840
27660443816
27660443737
27660441566
27660441177
27660438779
27660438728
27660438431
27660428021
27660427049
27660425896
27660425066
27660421712
27660420854
27660420099
27660420062
27660418342
27660416921
27660416857
27660416450
27660413080
27660409819
27660409124
27660403701
27660403571
27660403141
27660402417
27660401195
27660399814
27660397595
27660397132
27660396338
27660394789
27660392255
27660388959
27660388601
27660387930
27660387536
27660386506
27660385262
27660384947
27660382830
27660381767
27660380858
27660380476
27660380243
27660378683
27660377598
27660374921
27660372742
27660371826
27660369371
27660367827
27660367557
27660366928
27660366283
27660365239
27660361161
27660350458
27660350293
27660349871
27660349724
27660349369
27660345551
27660345514
27660345430
27660345177
27660343961
27660342428
27660342349
27660339311
27660338177
27660337808
27660334293
27660333351
27660327356
27660324038
27660322802
27660319023
27660318181
27660317597
27660317369
27660316362
27660313916
27660311290
27660311204
27660310788
27660310682
27660308968
27660305227
27660300524
27660293961
27660292196
27660290929
27660288773
27660286334
27660284002
27660280605
27660277721
27660276114
27660274114
27660271609
27660267152
27660266786
27660266704
27660266678
27660264632
27660261200
27660260419
27660260170
27660260078
27660257217
27660255085
27660254431
27660254024
27660253699
27660253329
27660252638
27660251725
27660251227
27660246421
27660243851
27660243714
27660241998
27660240552
27660240466
27660238978
27660235509
27660234537
27660234249
27660232731
27660231050
27660230072
27660230047
27660230008
27660227798
27660226065
27660223296
27660222653
27660222174
27660221697
27660220835
27660218425
27660209373
27660208599
27660206941
27660203114
27660200346
27660200287
27660196964
27660196702
27660195925
27660194624
27660192876
27660191037
27660190875
27660189207
27660189199
27660188448
27660180824
27660180459
27660179977
27660178181
27660177215
27660173950
27660172674
27660172530
27660166933
27660166834
27660165956
27660165184
27660165056
27660164885
27660164781
27660162295
27660158017
27660157153
27660155646
27660153498
27660153005
27660152676
27660151862
27660150384
27660150150
27660147887
27660146811
27660144905
27660143612
27660137881
27660135235
27660134574
27660134446
27660134129
27660131818
27660127069
27660126032
27660125729
27660125587
27660124373
27660122994
27660117511
27660115124
27660113188
27660110171
27660107233
27660105104
27660102345
27660100467
27660097786
27660095001
27660089931
27660088365
27660086108
27660085069
27660084945
27660084217
27660083508
27660081631
27660079407
27660079368
27660079331
27660079064
27660077550
27660075229
27660075074
27660073799
27660073710
27660072554
27660072074
27660068664
27660064925
27660064713
27660061311
27660059579
27660059317
27660056345
27660055606
27660054252
27660054243
27660053349
27660048846
27660047944
27660045950
27660038215
27660037360
27660034793
27660032352
27660027973
27660025034
27660023880
27660022499
27660021715
27660019191
27660015459
27660010304
27660009613
27660009182
27660007860
27660006700
27660006253
27660005540
27660004774
27660004035
27660002021
27660001510
27659992557
27659985281
27659984536
27659984323
27659981154
27659979646
27659978299
27659977340
27659975897
27659972149
27659971337
27659969569
27659969302
27659967875
27659967677
27659966691
27659965669
27659965287
27659964662
27659962529
27659960772
27659959771
27659959760
27659953671
27659951371
27659951104
27659950399
27659945425
27659945072
27659944289
27659942783
27659941337
27659939855
27659939723
27659938674
27659937814
27659937671
27659937416
27659935219
27659933207
27659933148
27659931532
27659929550
27659927186
27659926974
27659926942
27659926152
27659926142
27659924309
27659924175
27659922916
27659922790
27659920104
27659918572
27659916869
27659916837
27659912694
27659910962
27659909106
27659909025
27659908858
27659907858
27659905953
27659899418
27659895827
27659895497
27659891927
27659883075
27659882510
27659882458
27659882003
27659879386
27659878213
27659876878
27659876620
27659873249
27659873063
27659871244
27659864019
27659852319
27659850813
27659850354
27659849136
27659845441
27659843596
27659840681
27659835495
27659830741
27659828761
27659826865
27659826269
27659825912
27659825258
27659824096
27659823480
27659815855
27659813292
27659813259
27659811581
27659810161
27659807747
27659806206
27659803283
27659801789
27659801702
27659799581
27659799573
27659799483
27659794446
27659792173
27659792168
27659789730
27659788611
27659788463
27659788269
27659786462
27659783592
27659777159
27659773360
27659772028
27659770909
27659768693
27659765702
27659764484
27659763541
27659762788
27659760950
27659759355
27659752052
27659751660
27659748078
27659743718
27659742920
27659741871
27659741194
27659737616
27659736431
27659734910
27659734192
27659733969
27659732848
27659730011
27659726083
27659725390
27659724006
27659722932
27659722686
27659722589
27659718902
27659718568
27659707176
27659702968
27659700702
27659698695
27659693296
27659691907
27659691584
27659691149
27659690848
27659690077
27659689001
27659687812
27659683209
27659675317
27659671424
27659670765
27659670048
27659665547
27659662648
27659661288
27659661271
27659661035
27659654555
27659644800
27659638932
27659637928
27659637795
27659633742
27659626575
27659625827
27659625377
27659620832
27659620767
27659617852
27659613863
27659611690
27659609922
27659609503
27659608441
27659600610
27659598150
27659595299
27659594442
27659594325
27659589447
27659587959
27659587043
27659586148
27659584679
27659574909
27659568464
27659566655
27659565885
27659565058
27659563265
27659559951
27659556641
27659555344
27659554666
27659552601
27659551333
27659550824
27659549481
27659549144
27659547805
27659547637
27659540964
27659539394
27659537746
27659537686
27659535260
27659535130
27659534250
27659532066
27659531435
27659529109
27659529083
27659526045
27659525775
27659523896
27659522151
27659521808
27659521510
27659516529
27659515868
27659515099
27659507065
27659505650
27659503686
27659503274
27659500457
27659500292
27659496714
27659495127
27659493897
27659492197
27659491709
27659487510
27659486444
27659484240
27659480211
27659471738
27659471593
27659471171
27659468916
27659468707
27659468330
27659467942
27659466463
27659463157
27659462804
27659460072
27659455786
27659454096
27659448767
27659448581
27659448514
27659447033
27659446848
27659446519
27659445892
27659444576
27659443387
27659441612
27659440011
27659439597
27659435494
27659433779
27659432738
27659431411
27659428934
27659428363
27659426920
27659424128
27659423886
27659423755
27659423716
27659423487
27659422766
27659419809
27659419558
27659412630
27659409501
27659407440
27659404421
27659402182
27659401484
27659398195
27659397951
27659394395
27659393141
27659393084
27659390755
27659390516
27659387657
27659386361
27659382899
27659381853
27659381825
27659380755
27659380185
27659379385
27659379090
27659378899
27659377283
27659376538
27659375867
27659375603
27659372927
27659369536
27659368492
27659367657
27659366290
27659365701
27659364864
27659364460
27659364447
27659364403
27659362327
27659362059
27659358808
27659355045
27659354027
27659353246
27659352614
27659351818
27659350373
27659350276
27659343777
27659338069
27659336242
27659330840
27659328080
27659326051
27659322992
27659322554
27659319542
27659316259
27659314763
27659312736
27659310566
27659309772
27659308877
27659307039
27659306506
27659304842
27659304279
27659302470
27659300971
27659298829
27659298225
27659298108
27659298037
27659293017
27659292621
27659286979
27659286802
27659285028
27659284243
27659283017
27659282894
27659282270
27659273691
27659270071
27659268583
27659265697
27659260968
27659259334
27659256153
27659255398
27659253179
27659251437
27659251144
27659251082
27659247332
27659247173
27659244410
27659243729
27659242990
27659242765
27659242691
27659240739
27659239747
27659238538
27659237274
27659236989
27659228382
27659226291
27659224857
27659224741
27659223831
27659222140
27659221924
27659215959
27659215402
27659215360
27659214620
27659214319
27659211229
27659205171
27659205168
27659201723
27659198009
27659193704
27659182270
27659181605
27659181208
27659177527
27659175813
27659175812
27659173569
27659173074
27659172896
27659168152
27659168024
27659164281
27659162880
27659160501
27659159738
27659157654
27659154680
27659154004
27659153995
27659142725
27659141957
27659141450
27659141133
27659139667
27659137087
27659136613
27659134293
27659134093
27659133903
27659133020
27659129996
27659129260
27659129042
27659126842
27659126731
27659125584
27659123632
27659123323
27659122990
27659121720
27659120085
27659116906
27659116897
27659115589
27659115228
27659113448
27659110556
27659108734
27659107183
27659104620
27659101198
27659098205
27659095434
27659093266
27659093215
27659089708
27659088292
27659083354
27659079950
27659078345
27659077311
27659074543
27659072896
27659070552
27659069264
27659066749
27659066736
27659066445
27659065921
27659054920
27659054452
27659049808
27659047955
27659047691
27659047650
27659043945
27659042191
27659036818
27659035634
27659026291
27659024616
27659017771
27659014116
27659013265
27659011586
27659010419
27659008644
27659006763
27659006288
27659005381
27659005221
27659003833
27659001567
27659000807
27658994949
27658994675
27658993196
27658989259
27658987283
27658982863
27658982197
27658981609
27658980228
27658979469
27658979271
27658978897
27658977185
27658975873
27658973959
27658969633
27658968363
27658967989
27658967965
27658967920
27658964490
27658961108
27658957067
27658954244
27658947357
27658947248
27658944550
27658942185
27658942110
27658938149
27658937314
27658936683
27658936361
27658935768
27658933370
27658931162
27658930194
27658929307
27658927746
27658924222
27658919384
27658912788
27658912377
27658911688
27658910603
27658908575
27658906458
27658904573
27658900225
27658893833
27658893421
27658889545
27658889485
27658889365
27658888888
27658887436
27658884284
27658884001
27658883666
27658882107
27658870876
27658868713
27658867382
27658867039
27658863740
27658863096
27658857932
27658857710
27658855692
27658855238
27658851389
27658846709
27658846606
27658846535
27658845571
27658842318
27658839795
27658836830
27658835613
27658835113
27658834164
27658832000
27658831852
27658830130
27658828118
27658827181
27658825409
27658823271
27658823044
27658823039
27658821185
27658820435
27658819365
27658819293
27658816639
27658816365
27658815337
27658811375
27658810305
27658809379
27658807693
27658804601
27658804292
27658802665
27658802144
27658801870
27658798923
27658798682
27658797289
27658796951
27658795359
27658789976
27658788490
27658786098
27658785673
27658783775
27658781587
27658779457
27658778986
27658778851
27658774727
27658774283
27658774021
27658773334
27658769636
27658766970
27658766493
27658759374
27658756970
27658755850
27658751525
27658751302
27658750416
27658749547
27658749163
27658748668
27658748324
27658739723
27658738436
27658733581
27658733100
27658730818
27658730702
27658730122
27658729779
27658729217
27658729058
27658724932
27658724734
27658722303
27658720944
27658720649
27658720176
27658713298
27658711139
27658706998
27658702477
27658698339
27658692940
27658692057
27658686050
27658684004
27658680445
27658680328
27658672397
27658669146
27658668778
27658668010
27658667223
27658666816
27658661239
27658661165
27658660316
27658660122
27658658888
27658654188
27658651641
27658649739
27658648212
27658646002
27658645345
27658644188
27658643560
27658639124
27658637650
27658631440
27658627320
27658627167
27658625036
27658623309
27658619801
27658617027
27658615186
27658614853
27658613960
27658610826
27658607941
27658604276
27658604123
27658603374
27658601945
27658599451
27658595819
27658586739
27658584451
27658583431
27658582678
27658579900
27658579335
27658577933
27658577095
27658574566
27658571503
27658570845
27658566123
27658562555
27658559435
27658550989
27658550440
27658547273
27658547094
27658547038
27658542733
27658540083
27658538770
27658536577
27658536473
27658534988
27658534167
27658533859
27658532205
27658531958
27658530455
27658530229
27658527806
27658526160
27658525899
27658524230
27658523990
27658520738
27658518565
27658517661
27658514019
27658513980
27658512790
27658508145
27658507107
27658505234
27658504145
27658503599
27658503334
27658501969
27658500988
27658500726
27658496979
27658496919
27658496503
27658495395
27658493293
27658492755
27658491954
27658491349
27658490502
27658489732
27658486661
27658486374
27658486353
27658485655
27658482117
27658480759
27658479675
27658479357
27658477052
27658473249
27658472122
27658471040
27658466483
27658460132
27658449130
27658445808
27658445389
27658442847
27658442222
27658437836
27658435698
27658435238
27658434255
27658434220
27658433826
27658431487
27658431321
27658428165
27658425510
27658423737
27658421090
27658416707
27658416691
27658412864
27658412541
27658410276
27658406119
27658405666
27658404675
27658402995
27658402358
27658401526
27658398127
27658397478
27658395155
27658394912
27658393947
27658384556
27658381754
27658377576
27658375227
27658375005
27658374466
27658372120
27658365115
27658363141
27658359905
27658359568
27658359476
27658357298
27658355980
27658355299
27658352068
27658351947
27658347846
27658344759
27658339492
27658338847
27658338811
27658337074
27658331407
27658329655
27658327592
27658327348
27658326956
27658324676
27658323496
27658322787
27658321689
27658315935
27658315341
27658307794
27658306576
27658305073
27658302017
27658295901
27658292114
27658289101
27658288788
27658287707
27658287549
27658286251
27658285783
27658284445
27658283881
27658283617
27658280461
27658279935
27658278409
27658277962
27658277542
27658276308
27658273095
27658272236
27658271092
27658269622
27658268138
27658266586
27658266053
27658265942
27658264565
27658257933
27658255416
27658252838
27658252228
27658244806
27658238033
27658235510
27658228488
27658228368
27658223611
27658223541
27658223051
27658223007
27658221666
27658221278
27658217615
27658215482
27658212645
27658209152
27658206788
27658205555
27658196538
27658192073
27658189081
27658186514
27658186210
27658186096
27658185895
27658181984
27658181036
27658177814
27658177095
27658176114
27658174281
27658173162
27658171778
27658167913
27658163366
27658158305
27658156798
27658156687
27658155506
27658155001
27658153388
27658151534
27658149396
27658149320
27658149036
27658146135
27658138342
27658129256
27658128778
27658125248
27658123404
27658121859
27658118326
27658118128
27658116657
27658115287
27658113944
27658110766
27658109532
27658108890
27658108025
27658104413
27658104338
27658101602
27658099474
27658099455
27658099250
27658098493
27658098230
27658094116
27658093716
27658093357
27658092422
27658091895
27658091064
27658089104
27658082924
27658076534
27658075479
27658073689
27658067629
27658066684
27658063661
27658058765
27658058209
27658055812
27658053760
27658053659
27658051669
27658050689
27658048487
27658045449
27658045214
27658044863
27658043583
27658040031
27658037280
27658033420
27658033230
27658032019
27658027464
27658026329
27658017383
27658016877
27658016732
27658014783
27658013718
27658010931
27658008169
27658006569
27658004575
27658000658
27657919998
27657876559
27657832021
27657657655
27657653705
27657567675
27657507500
27657497111
27657490130
27657487126
27657483241
27657482331
27657478782
27657475194
27657474827
27657472596
27657467348
27657466604
27657461872
27657461801
27657460856
27657460088
27657454165
27657450801
27657449046
27657447087
27657445552
27657445188
27657443529
27657442732
27657440135
27657438528
27657436842
27657436819
27657432264
27657428684
27657425974
27657425604
27657423475
27657413248
27657410508
27657408078
27657407215
27657400193
27657399004
27657398122
27657393626
27657392963
27657384561
27657382087
27657380349
27657375188
27657371516
27657371370
27657371079
27657370779
27657370535
27657370181
27657368343
27657367643
27657365651
27657364662
27657361919
27657349856
27657349100
27657346490
27657344885
27657342153
27657341344
27657339206
27657337770
27657336763
27657334148
27657333767
27657330288
27657330198
27657329683
27657327200
27657325033
27657322791
27657321771
27657321226
27657320052
27657319740
27657316373
27657315508
27657313238
27657312123
27657311629
27657310318
27657308455
27657308245
27657307795
27657305807
27657303873
27657300735
27657298835
27657298491
27657297046
27657296849
27657296721
27657292357
27657290326
27657288305
27657281989
27657278216
27657274965
27657272561
27657271445
27657268972
27657268191
27657267943
27657265033
27657258034
27657257390
27657255107
27657252350
27657252060
27657250629
27657249334
27657247000
27657242764
27657238922
27657236891
27657234184
27657234169
27657229748
27657227242
27657226713
27657225155
27657225061
27657217376
27657216247
27657214043
27657213967
27657211056
27657210878
27657210755
27657205518
27657204971
27657204744
27657202938
27657202192
27657196692
27657191576
27657191478
27657191093
27657188211
27657181061
27657175448
27657171230
27657169665
27657168435
27657167507
27657167170
27657165752
27657164428
27657162896
27657160202
27657159623
27657159479
27657155025
27657154077
27657151493
27657149392
27657147855
27657144177
27657140971
27657140787
27657140024
27657139517
27657133890
27657128890
27657128492
27657128377
27657126260
27657123840
27657122173
27657122047
27657119774
27657118062
27657117863
27657117268
27657115818
27657114490
27657109671
27657105154
27657104773
27657104299
27657104123
27657101405
27657101207
27657100998
27657100862
27657099786
27657096786
27657096469
27657084948
27657082357
27657079797
27657074444
27657070212
27657069947
27657068738
27657060733
27657060592
27657060429
27657059842
27657058429
27657057201
27657057070
27657056731
27657055425
27657054599
27657053860
27657052939
27657052458
27657052021
27657051924
27657051226
27657050254
27657048000
27657044780
27657044207
27657042443
27657041316
27657039317
27657038006
27657034143
27657030359
27657029115
27657025323
27657023870
27657023542
27657021427
27657017726
27657016163
27657006335
27657003319
27657000074
27657000072
27656998735
27656996533
27656991830
27656989401
27656987958
27656976403
27656973073
27656970475
27656969513
27656968198
27656967816
27656964239
27656959424
27656954148
27656948194
27656947137
27656946856
27656943789
27656943003
27656934190
27656933326
27656932100
27656931112
27656931055
27656930923
27656925360
27656925025
27656923085
27656918856
27656918580
27656917315
27656915743
27656915706
27656912329
27656909652
27656909616
27656908399
27656908385
27656907231
27656906855
27656900110
27656899824
27656894804
27656893543
27656887333
27656885543
27656884007
27656883166
27656880228
27656878324
27656876089
27656868610
27656865974
27656863607
27656863518
27656862902
27656862556
27656856045
27656854689
27656848483
27656845502
27656845015
27656843536
27656841204
27656834637
27656834087
27656831924
27656831680
27656829446
27656829205
27656828792
27656827476
27656826919
27656816191
27656812770
27656809796
27656808591
27656807322
27656806546
27656804336
27656804169
27656802411
27656801578
27656800330
27656796123
27656794144
27656793278
27656791216
27656789145
27656787665
27656786868
27656785527
27656785174
27656780116
27656778134
27656777193
27656776373
27656773164
27656772378
27656771703
27656770524
27656770200
27656769000
27656768337
27656766237
27656763885
27656763884
27656761875
27656760015
27656759373
27656758184
27656753432
27656751905
27656749893
27656748466
27656744912
27656744836
27656744485
27656740919
27656739579
27656738514
27656735436
27656734320
27656733071
27656732713
27656732567
27656731017
27656730395
27656729742
27656729358
27656726719
27656724967
27656724656
27656718852
27656718359
27656718290
27656717636
27656716603
27656714855
27656714334
27656711186
27656710711
27656706889
27656706471
27656704747
27656699724
27656699018
27656697858
27656697236
27656694471
27656686639
27656686587
27656681609
27656679130
27656678977
27656674512
27656674285
27656674021
27656668484
27656668255
27656667899
27656666022
27656663168
27656662976
27656658044
27656657185
27656654946
27656653878
27656653736
27656650571
27656649997
27656649207
27656649142
27656647232
27656640853
27656640331
27656640018
27656639901
27656637922
27656637872
27656636090
27656631581
27656630680
27656628421
27656626804
27656624730
27656624277
27656623567
27656621057
27656619665
27656618884
27656617417
27656614719
27656611300
27656611080
27656609373
27656609055
27656608492
27656606868
27656601636
27656601296
27656599813
27656597743
27656597661
27656597427
27656595950
27656593057
27656587931
27656586814
27656586019
27656584942
27656584230
27656579039
27656574587
27656573558
27656570739
27656565724
27656564805
27656559968
27656559234
27656558855
27656553272
27656552928
27656551355
27656550889
27656547873
27656546765
27656546090
27656545883
27656541739
27656538618
27656538581
27656536894
27656536694
27656535062
27656534795
27656533004
27656532064
27656530444
27656525604
27656525144
27656524000
27656520890
27656520667
27656519273
27656518323
27656517976
27656517899
27656517313
27656517165
27656514963
27656514631
27656511584
27656510378
27656509701
27656504904
27656504611
27656504447
27656497848
27656496770
27656493235
27656488982
27656486971
27656485837
27656485304
27656483963
27656483738
27656470311
27656466088
27656462954
27656462414
27656459164
27656458017
27656457046
27656453844
27656453352
27656452965
27656448145
27656443903
27656443787
27656437432
27656433918
27656429462
27656429161
27656427147
27656427035
27656426770
27656422900
27656420696
27656412453
27656407185
27656406437
27656403523
27656401767
27656401140
27656399767
27656397917
27656397281
27656394254
27656393794
27656390370
27656390328
27656390317
27656388336
27656387895
27656385982
27656385575
27656380576
27656380409
27656380058
27656380048
27656373656
27656369227
27656367585
27656366337
27656365034
27656364917
27656363971
27656359057
27656354482
27656353570
27656353226
27656350080
27656347681
27656346763
27656342702
27656342701
27656338606
27656338202
27656337296
27656337207
27656336413
27656327039
27656322878
27656322124
27656321078
27656316868
27656315690
27656312382
27656311980
27656311575
27656309897
27656308307
27656307910
27656307697
27656307543
27656306552
27656301330
27656295384
27656294333
27656291994
27656289789
27656288426
27656286885
27656284481
27656281251
27656280261
27656277032
27656276061
27656274194
27656273764
27656273016
27656271851
27656271567
27656268867
27656268212
27656265456
27656264169
27656263516
27656262898
27656262747
27656262180
27656261864
27656261443
27656258296
27656257482
27656252377
27656249519
27656246240
27656245407
27656245286
27656242310
27656239928
27656236747
27656236441
27656235700
27656231531
27656230380
27656228360
27656227908
27656222540
27656220999
27656220084
27656219410
27656219024
27656215795
27656213986
27656212537
27656208010
27656204781
27656203828
27656199750
27656199486
27656199186
27656197858
27656196824
27656196501
27656191809
27656190991
27656189732
27656185607
27656182288
27656181186
27656177413
27656174702
27656171915
27656171537
27656167989
27656167037
27656162755
27656159794
27656159219
27656158878
27656153162
27656151858
27656151655
27656150465
27656147181
27656145518
27656144290
27656144194
27656143360
27656141270
27656140011
27656139563
27656136866
27656135430
27656126569
27656124490
27656123161
27656121936
27656118807
27656116615
27656112357
27656111353
27656111130
27656110140
27656109965
27656109431
27656108710
27656107217
27656106457
27656103908
27656101906
27656091860
27656088120
27656086182
27656083202
27656080444
27656078907
27656077909
27656076725
27656075242
27656075185
27656073525
27656068573
27656068054
27656066909
27656065239
27656065187
27656061496
27656060175
27656058687
27656056135
27656048644
27656046927
27656046902
27656041556
27656040595
27656039757
27656037864
27656036076
27656034725
27656028450
27656028036
27656024697
27656021157
27656021039
27656020118
27656018176
27656014936
27656011537
27656010894
27656009600
27656008202
27656007734
27656007208
27656005905
27656004816
27656003112
27656000072
27655998772
27655998301
27655997884
27655997522
27655996697
27655996327
27655994485
27655993214
27655991329
27655988828
27655988791
27655986106
27655985588
27655980227
27655980180
27655978748
27655976457
27655971745
27655969349
27655968230
27655958259
27655957634
27655957494
27655956830
27655956398
27655950842
27655948010
27655943875
27655936962
27655928231
27655927378
27655922859
27655921530
27655921151
27655918654
27655917811
27655910048
27655904891
27655902839
27655902778
27655902440
27655902317
27655901041
27655899279
27655898333
27655898093
27655888023
27655887286
27655885564
27655884583
27655880259
27655871504
27655869004
27655867868
27655865972
27655863351
27655859350
27655858886
27655856411
27655855969
27655855925
27655855239
27655852280
27655849979
27655848535
27655846558
27655840531
27655838100
27655837502
27655834513
27655827830
27655825368
27655824927
27655824129
27655823957
27655822505
27655819775
27655819216
27655817467
27655816530
27655816313
27655813247
27655813225
27655812673
27655810714
27655810439
27655805929
27655803675
27655803077
27655801198
27655801107
27655798974
27655797657
27655796124
27655795883
27655794672
27655794036
27655792972
27655790970
27655789901
27655789820
27655785988
27655780274
27655776926
27655771217
27655768119
27655767205
27655763797
27655763351
27655762088
27655761546
27655760915
27655760152
27655755700
27655755646
27655751125
27655749261
27655748089
27655747789
27655741786
27655740282
27655739451
27655737689
27655737646
27655734224
27655734123
27655731254
27655729130
27655724763
27655724373
27655718172
27655712080
27655711195
27655704325
27655704317
27655704312
27655704293
27655697622
27655694652
27655693968
27655688348
27655686173
27655686034
27655685704
27655682181
27655681224
27655678791
27655678614
27655676143
27655674986
27655669576
27655667010
27655666102
27655665384
27655664451
27655664302
27655663651
27655662926
27655661614
27655659523
27655653376
27655652712
27655650700
27655650186
27655648664
27655648100
27655646501
27655645688
27655641073
27655641053
27655640156
27655640089
27655639561
27655636096
27655635509
27655634422
27655631527
27655628695
27655627493
27655624080
27655623182
27655621567
27655617808
27655617623
27655615426
27655611377
27655611328
27655610568
27655609427
27655606833
27655605798
27655603676
27655600758
27655599679
27655599131
27655597832
27655594850
27655593760
27655593708
27655592070
27655592033
27655591147
27655589865
27655589227
27655588756
27655587574
27655585551
27655584043
27655578354
27655577038
27655574295
27655573962
27655570793
27655570511
27655566750
27655564417
27655562059
27655561961
27655560497
27655558963
27655558953
27655557171
27655556448
27655556447
27655555981
27655552365
27655551394
27655550093
27655547153
27655543991
27655543752
27655540685
27655536739
27655536345
27655533839
27655532891
27655532725
27655532396
27655529196
27655528956
27655528565
27655526492
27655524626
27655524350
27655521589
27655521051
27655520763
27655520637
27655518308
27655516912
27655515044
27655513636
27655513163
27655513027
27655512237
27655510066
27655506513
27655506244
27655500468
27655500032
27655500024
27655498839
27655498239
27655494843
27655493621
27655492813
27655488705
27655488075
27655487647
27655487486
27655486925
27655484120
27655479604
27655478066
27655469903
27655468752
27655467140
27655465788
27655465596
27655465016
27655458708
27655458681
27655458057
27655457935
27655453817
27655453106
27655453053
27655452943
27655450722
27655449324
27655448120
27655447150
27655446365
27655444521
27655439252
27655439136
27655438101
27655435350
27655433573
27655432225
27655431543
27655427703
27655426781
27655424178
27655421629
27655420272
27655419694
27655419114
27655417995
27655414010
27655411706
27655409496
27655405173
27655402061
27655400787
27655400746
27655398941
27655398213
27655396179
27655396031
27655395782
27655392408
27655392067
27655391846
27655389594
27655389058
27655388370
27655388241
27655385446
27655383383
27655381842
27655380397
27655376792
27655374851
27655372592
27655360268
27655358904
27655357415
27655356770
27655355320
27655351088
27655351007
27655349213
27655348937
27655348493
27655344979
27655344286
27655344257
27655341642
27655341066
27655340186
27655337344
27655334758
27655332215
27655329887
27655328467
27655325022
27655324869
27655324533
27655324373
27655323272
27655322258
27655321292
27655321138
27655320560
27655320355
27655319474
27655318500
27655318197
27655316978
27655315389
27655313515
27655313104
27655311162
27655306434
27655306137
27655305479
27655305380
27655302267
27655297984
27655297813
27655297175
27655289503
27655288165
27655287081
27655286771
27655286699
27655284167
27655282999
27655274517
27655265134
27655263257
27655263234
27655262687
27655261971
27655259867
27655258662
27655257718
27655257573
27655255651
27655254584
27655254566
27655251484
27655251411
27655251092
27655244103
27655238315
27655237702
27655237045
27655233359
27655232676
27655229687
27655229549
27655229433
27655229338
27655226891
27655224349
27655223116
27655221621
27655213691
27655212065
27655210799
27655205296
27655203018
27655202684
27655199457
27655192555
27655190690
27655181254
27655180476
27655172560
27655172275
27655170654
27655169266
27655165442
27655165135
27655164397
27655163364
27655162966
27655162404
27655162187
27655157045
27655151566
27655145757
27655141552
27655141241
27655139565
27655136564
27655136112
27655131923
27655125333
27655123514
27655117965
27655116978
27655116237
27655115974
27655115567
27655114244
27655114044
27655112848
27655111698
27655107895
27655107236
27655103997
27655101076
27655095972
27655094429
27655091312
27655087229
27655086915
27655083895
27655083699
27655083649
27655083124
27655081810
27655078345
27655076937
27655074954
27655073241
27655072958
27655072578
27655072031
27655068162
27655063755
27655061866
27655060668
27655049806
27655049464
27655044591
27655044017
27655042699
27655040374
27655039509
27655036948
27655036689
27655036541
27655035448
27655034452
27655029494
27655026667
27655026446
27655021887
27655021676
27655021029
27655020965
27655018751
27655014569
27655013804
27655013497
27655008377
27655008314
27655006631
27654658952
27654419865
27654025295
27654020341
27653998113
27653997544
27653982993
27653977375
27653971291
27653965015
27653964507
27653955761
27653942426
27653940543
27653930977
27653928985
27653918452
27653913471
27653909950
27653905119
27653898350
27653896305
27653895505
27653889300
27653883258
27653882244
27653877152
27653875311
27653874382
27653871310
27653865893
27653856912
27653856106
27653842490
27653837976
27653830464
27653825005
27653822068
27653797928
27653793896
27653775917
27653763636
27653758633
27653751950
27653748940
27653745073
27653743015
27653739766
27653736264
27653726829
27653723121
27653717486
27653716946
27653713294
27653691656
27653683770
27653681543
27653675644
27653674175
27653651362
27653649131
27653637913
27653633915
27653633844
27653631547
27653630477
27653625947
27653613167
27653608085
27653607738
27653604518
27653590665
27653576749
27653565531
27653563506
27653553305
27653531905
27653531685
27653530158
27653529332
27653526814
27653525299
27653518402
27653517604
27653511051
27653506687
27653496375
27653492073
27653490050
27653472709
27653465828
27653450442
27653450135
27653449411
27653447701
27653445408
27653443702
27653438750
27653435397
27653429723
27653410461
27653353479
27653321150
27653313974
27653311770
27653303252
27653294203
27653286355
27653250127
27653246184
27653235133
27653224670
27653223206
27653219688
27653209497
27653200826
27653192350
27653185198
27653182676
27653165723
27653152480
27653136049
27653123151
27653092766
27653089149
27653083086
27653070207
27653065460
27653060071
27653053245
27653049475
27653017376
27653002829
27652995580
27652995226
27652995099
27652987035
27652980947
27652943730
27652940425
27652938410
27652932679
27652917334
27652910668
27652902987
27652900187
27652894842
27652884375
27652881674
27652867928
27652856157
27652845983
27652844219
27652837623
27652833719
27652832636
27652825447
27652810247
27652808985
27652797070
27652791436
27652791290
27652790351
27652788718
27652787878
27652785992
27652781396
27652762929
27652761093
27652755384
27652747280
27652746770
27652739191
27652722992
27652716045
27652708173
27652698352
27652697147
27652692475
27652684114
27652680229
27652665491
27652664787
27652659068
27652656750
27652647280
27652639814
27652636135
27652630901
27652629962
27652617423
27652617335
27652584407
27652584257
27652569813
27652566129
27652561835
27652559172
27652559097
27652553089
27652546968
27652544631
27652537845
27652531959
27652529106
27652513266
27652507298
27652502095
27652477324
27652465067
27652455424
27652449620
27652435261
27652428010
27652423948
27652421806
27652421203
27652417075
27652414672
27652392211
27652391852
27652382389
27652380761
27652379988
27652379689
27652369947
27652367430
27652359670
27652357954
27652356062
27652350431
27652346919
27652346313
27652324693
27652322706
27652315876
27652307780
27652305029
27652302673
27652299499
27652296122
27652293737
27652291025
27652289562
27652278289
27652277490
27652275350
27652273266
27652270534
27652246968
27652234249
27652233661
27652232743
27652231167
27652191340
27652191014
27652186963
27652181429
27652178197
27652175253
27652174117
27652168558
27652154604
27652145796
27652138848
27652134789
27652121548
27652109115
27652107721
27652107437
27652105237
27652076433
27652048196
27652046694
27652040929
27652031215
27652023305
27652020434
27652016897
27652009974
27652005594
27652002408
27652002035
27651988027
27651968332
27651949361
27651919514
27651900847
27651899112
27651894214
27651887441
27651877266
27651876272
27651874389
27651864626
27651861778
27651860983
27651854925
27651849952
27651839483
27651837238
27651836208
27651831315
27651807890
27651805735
27651795718
27651791223
27651780490
27651780309
27651775566
27651770424
27651766532
27651759601
27651757597
27651755903
27651739531
27651738402
27651737954
27651735605
27651726657
27651721942
27651716069
27651712468
27651709655
27651696485
27651684515
27651684216
27651680045
27651673025
27651672493
27651671653
27651669608
27651662470
27651660056
27651659744
27651654698
27651652638
27651649427
27651649301
27651642762
27651624614
27651624475
27651618637
27651616911
27651598154
27651565223
27651561582
27651553937
27651552902
27651547546
27651538087
27651529021
27651527478
27651521181
27651512904
27651511412
27651487090
27651486703
27651467372
27651447293
27651436775
27651431936
27651419892
27651417439
27651416628
27651416294
27651400260
27651399317
27651384884
27651384567
27651380703
27651366145
27651362063
27651351609
27651327736
27651325195
27651323753
27651314343
27651291751
27651275481
27651258304
27651242468
27651235858
27651231045
27651219533
27651212399
27651201520
27651175467
27651171552
27651169123
27651143236
27651140734
27651135727
27651129425
27651105852
27651088243
27651083265
27651077825
27651063655
27651056320
27651049131
27651038648
27651020310
27651020012
27651019011
27651016797
27651010500
27651010400
27651006252
27651004576
27650965488
27650961842
27650951114
27650947689
27650943155
27650938399
27650934056
27650910853
27650908450
27650905486
27650903639
27650731676
27650728241
27650649547
27650518233
27650490877
27650474435
27650458081
27650425138
27650393848
27650389658
27650377272
27650362520
27650354267
27650347982
27650339772
27650336890
27650335490
27650318975
27650285916
27650285851
27650279140
27650271975
27650239076
27650230561
27650228881
27650222815
27650207671
27650167643
27650101538
27650085417
27650076820
27650065465
