27766982644
27766982578
27766981942
27766980361
27735160824
27735160136
27721453715
27735154242
27721452961
27681436445
27735151269
27766977217
27681433552
27735149741
27766975850
27735149466
27766975732
27681428901
27721449950
27681419290
27735144484
27766974886
27681415554
27766973505
27721448896
27681413240
27766972996
27681408694
27766972419
27721445542
27735135902
27766970597
27721445217
27681404287
27735135119
27766968852
27721443803
27766966516
27721442492
27681402419
27735131574
27766965251
27681402352
27735129990
27721440275
27735128176
27766963757
27721439750
27681398855
27735124993
27766962246
27721438032
27735124280
27766960544
27766959534
27721433705
27681389376
27735124076
27766958137
27721432419
27735120038
27721430968
27681378033
27766956780
27721430568
27735118624
27766954668
27721430426
27681370127
27721430421
27735116255
27721429913
27681360307
27766950423
27721429598
27681358750
27735109227
27766950315
27735108524
27721428959
27766946874
27681351455
27735102770
27721428950
27681349898
27735101040
27721428002
27681349572
27735099855
27721427906
27766941618
27735091058
27766938262
27735089823
27721424531
27766937718
27735088421
27766937400
27735085862
27721422391
27681317729
27721422028
27735084894
27766933044
27721421531
27766929205
27735083449
27681308941
27721420420
27766928360
27721417007
27766927697
27735075363
27681304092
27721416588
27766925916
27735074669
27681303007
27766923669
27681294701
27721416061
27766922629
27721415989
27766920342
27735071212
27681287194
27721412971
27766917999
27766915683
27681286046
27735066395
27721407570
27735065772
27681283958
27721407139
27766911821
27735064980
27681280670
27721405047
27766908280
27735064457
27766907120
27735063780
27681266991
27721403227
27766906975
27735063086
27681264033
27721403006
27766904541
27681261565
27721402417
27766903015
27735058882
27681260080
27721401358
27766899093
27735056694
27681259594
27721397613
27766897905
27681253334
27721395572
27766897193
27735047719
27721392016
27766896232
27735045241
27766895652
27735043546
27681246598
27721390839
27766895222
27735042384
27735039677
27766893486
27735038760
27721386809
27735033751
27681230786
27766888496
27735033000
27681229363
27721386077
27766888062
27735032064
27766885958
27735032005
27721385379
27766885516
27735031061
27681225205
27721384088
27735030112
27721383940
27766882361
27766880969
27735021384
27721382675
27766880158
27681219700
27766876424
27735013317
27681209093
27721381552
27735010394
27681208079
27766875522
27735009996
27681205059
27766874841
27721380021
27735009988
27681203979
27766874284
27721379964
27681202242
27681201733
27735005326
27681196776
27766871339
27721378211
27735005251
27681191532
27721375537
27735003548
27766867290
27681187226
27766866873
27721373535
27734997918
27766866757
27734994524
27681181457
27766863649
27721372440
27734993907
27681179295
27766862730
27721370380
27734991784
27766861664
27721368855
27734990154
27681175849
27766856804
27721367386
27734988763
27681175573
27721367044
27734987172
27681175342
27766855512
27734986737
27681174295
27721364218
27734985886
27766854212
27721361975
27681164138
27766849811
27734983657
27681163426
27766844959
27721354607
27681161151
27721353868
27734980958
27766841296
27721352757
27734979412
27766839648
27721352048
27734978245
27766838246
27734977953
27766838078
27734977006
27766834544
27734976828
27681143172
27766833148
27721346732
27734974432
27721344431
27766832302
27734969567
27681142482
27721340157
27734968491
27766831619
27681138310
27721338519
27766831588
27721336781
27766830812
27721335392
27734965819
27766829619
27681123949
27721331396
27734961469
27766828685
27721330392
27734960347
27681121513
27721328704
27766828045
27721326036
27734959174
27721325262
27734958943
27766825346
27721323983
27721323048
27734957057
27766824750
27681110650
27721322710
27734951885
27766824642
27681109432
27766820243
27681104429
27721320935
27721320081
27721309863
27766817433
27721309276
27734941965
27721307462
27766815838
27721307090
27766813774
27681084336
27721306585
27766811597
27681081909
27766811157
27734939271
27766810707
27681080287
27721302000
27734937693
27766809493
27721299888
27734935688
27766809305
27734935058
27681072627
27721297130
27734933054
27734931335
27766808274
27681070085
27721295303
27734931094
27766807938
27721295215
27734930217
27766805708
27734925343
27681058927
27721292749
27734923884
27766805209
27721292727
27734923882
27766802372
27681055585
27721292471
27766801079
27766800763
27681054153
27721291081
27734917030
27766798057
27721291061
27734913172
27766797766
27681051956
27721290527
27766793363
27681038157
27734909648
27681037816
27721286752
27734909641
27766792312
27681037766
27721282689
27734908152
27766792170
27734907623
27766791812
27766791756
27681028459
27721274147
27766791679
27681028274
27721272562
27734905774
27766790545
27681027423
27721272001
27734903109
27766787163
27721271591
27734902311
27721270111
27734898106
27766784645
27681023536
27721269858
27734895820
27766783946
27721267424
27681018751
27721267346
27734894800
27681017670
27721261427
27734894408
27766773942
27721261411
27734893673
27766773787
27734893536
27766773341
27721258293
27734891647
27766771575
27681006004
27766771547
27721255096
27734876762
27681004769
27721254221
27680991297
27721251804
27734872128
27721249555
27734865993
27766765656
27721249338
27734862858
27766763331
27721249308
27734860960
27721247638
27721247419
27734857511
27766761748
27680981739
27721244723
27721244679
27766761077
27680977588
27721244356
27734852220
27766760222
27680976558
27721243936
27766756727
27680969237
27766754608
27734849507
27680969153
27721240616
27680965932
27721240372
27734848004
27766749243
27680965096
27766747901
27680958851
27721238776
27734846364
27680954371
27721238551
27766744633
27680950583
27721236970
27766744533
27680950158
27721236484
27766742945
27680950038
27721235605
27734839267
27766742553
27721233728
27734837212
27766740650
27680938769
27721233487
27680938370
27721233212
27734835830
27680937291
27721232913
27766738950
27734833500
27680934984
27721232761
27734828287
27680934585
27766735188
27680932441
27721231722
27680929874
27721230505
27734825129
27680920887
27766732358
27734821170
27680920059
27721229484
27766731169
27734821052
27721229263
27734820254
27680917517
27721228849
27734819905
27734818367
27680912553
27766725908
27734814089
27680910307
27766722941
27734814007
27680910000
27721205869
27734811460
27680908645
27734809901
27680900308
27721202320
27680899405
27721200880
27721199759
27734806884
27680897669
27721199174
27766714710
27734806646
27766713676
27734801569
27680888797
27721196645
27734801341
27680887626
27721193924
27766712932
27734800350
27680886624
27766710744
27734797803
27721189866
27680877443
27721189848
27734792745
27680876269
27721189813
27680874858
27721188945
27766703518
27721188227
27766703089
27721184131
27766702838
27734789947
27680869190
27721184116
27766699112
27734787785
27680867883
27721183919
27734787550
27721183518
27766695292
27680864289
27680862626
27721181810
27766689116
27734781181
27680857769
27721178550
27766687514
27734778540
27680857613
27766685905
27680857559
27766682565
27734776350
27680855716
27721176074
27766682166
27680850818
27721174883
27766675713
27680846050
27721173773
27734768836
27680844596
27721171847
27766671477
27734764063
27680841554
27721169029
27766670697
27734761871
27680840765
27721168014
27766670000
27734758551
27680826853
27766669692
27766668824
27766667776
27766666881
27766662620
27735069029
27766660187
27734754204
27766655889
27766655166
27721163377
27734746588
27766654759
27734745404
27766653813
27721156401
27734745179
27766652579
27680820902
27721155595
27734740334
27766651711
27680819844
27721153607
27734739923
27766647016
27680819779
27721152454
27734739447
27680819505
27721151731
27680819328
27721151716
27734733770
27766643715
27721145745
27734733099
27680818294
27721145607
27734732169
27766642155
27734732069
27680818028
27766641299
27721143531
27680817179
27721143272
27734729049
27721143103
27766640044
27721141979
27766636468
27721141953
27766635377
27721138839
27734721371
27766634081
27721137958
27734720696
27766633732
27680797275
27721135385
27734719664
27766631623
27680795312
27721133910
27734719368
27680794570
27721131641
27734717467
27680792294
27721130718
27734715426
27721130416
27734715133
27766623842
27721129770
27734711141
27680764650
27721126916
27734706633
27680760259
27766623337
27721126498
27734706398
27766621149
27680753131
27721125319
27734706105
27766621081
27734704844
27766619337
27721118329
27734704066
27721117434
27680741548
27766615905
27721116979
27680741040
27721116278
27734698908
27766615042
27680738662
27766614758
27766614091
27721113408
27734695784
27721111343
27734694073
27680728100
27766612021
27721111145
27734694037
27721110413
27734691010
27721110063
27766611760
27734687518
27766608558
27734686758
27680722337
27721107783
27680718656
27721106984
27766607127
27721106446
27766606059
27721104807
27766605833
27680706073
27721101249
27680703355
27721098309
27734671591
27721094028
27766604069
27734671146
27680699031
27721093622
27734670900
27680697187
27766601322
27721091889
27734661489
27680692575
27721090554
27766598581
27721089394
27734661269
27680690302
27766590770
27766589324
27734659988
27680689778
27721086955
27766589242
27680689554
27721086123
27766587764
27734656922
27721084530
27766586362
27734655723
27721083956
27766585446
27734653905
27680685371
27721076522
27766583209
27734653741
27680685191
27766582574
27734650299
27680684380
27721074782
27766580630
27734649692
27766578778
27734649368
27680684315
27721074205
27734647238
27680683860
27721071394
27766572157
27734643948
27680682648
27721071258
27734643270
27680671318
27721070665
27766567853
27734641496
27680669760
27680666337
27721066216
27734638000
27680665247
27734636215
27680663745
27721061350
27766564936
27734634536
27680658407
27766562361
27734627508
27680655100
27721059821
27766561670
27734626180
27680654162
27766559067
27734625514
27766557601
27734622386
27680651496
27766554266
27734618935
27680640277
27721056898
27766553263
27721056491
27766549695
27734617140
27721056202
27766549681
27680623081
27721053475
27766545254
27734614633
27766544007
27734613900
27721049935
27766543704
27734613675
27766543274
27734611928
27680607568
27721047422
27766543242
27680600539
27721046437
27734605237
27680599913
27766541139
27680596979
27766540189
27734597424
27680596815
27734597311
27680596774
27721041837
27766537434
27680595287
27766537070
27680591695
27721038885
27766536394
27680590780
27721036999
27680590205
27721036995
27766532109
27734591999
27721036730
27766531166
27680589200
27721036420
27734590254
27766523354
27766522897
27734589384
27680574756
27721033095
27734588424
27680573972
27766520453
27766514922
27680572631
27766513592
27734579949
27680566296
27721028373
27766513351
27680565674
27721020042
27766512757
27734575691
27680564816
27766512433
27680564689
27721019921
27766510982
27680562505
27721017118
27734569895
27766508890
27734569804
27680559911
27721016885
27766507817
27734569726
27680555371
27721015905
27766507792
27734569042
27680549702
27766507660
27734567954
27680549308
27766506817
27734564437
27680548020
27721012067
27766500909
27766500620
27721009217
27721007441
27721007170
27766496780
27734559717
27680525362
27766493989
27680522785
27721005353
27766493318
27734558511
27721004053
27766491901
27734558131
27680514967
27766491540
27734556583
27680511615
27721001527
27734556575
27680511094
27766487423
27680508316
27721000000
27734548056
27766485574
27734547690
27766484878
27734545569
27680497087
27720990572
27766483685
27734542519
27720990546
27766483238
27734539930
27766482356
27734538522
27720987267
27766481972
27734538207
27680493264
27766481621
27734538117
27720984732
27680491016
27766480696
27734534646
27680490233
27720983333
27734527174
27720982701
27766479141
27766478625
27734522632
27766477874
27734521377
27680489464
27720974088
27766477673
27734521141
27734521004
27680483402
27720971875
27766475841
27734514088
27720968091
27734513526
27766473980
27734513136
27720967045
27766472975
27734513065
27680474138
27766469390
27734512664
27680464126
27766466528
27680459080
27720960666
27766465199
27734509996
27680453716
27680451900
27766465062
27680446046
27766462405
27680440080
27720955562
27766462045
27734503324
27720953873
27734502868
27680434059
27720950756
27766458038
27766453401
27680432308
27720949854
27766453331
27734499223
27680429674
27720949827
27766452171
27734496672
27680424933
27720946068
27734495272
27720945348
27720942382
27734488580
27680407584
27720936392
27766448237
27734484597
27680406500
27680405242
27766447877
27680404719
27720933350
27766447621
27720929420
27766444848
27734472869
27680397745
27720928839
27766444091
27734469947
27766444023
27734468383
27680397071
27720924392
27766443654
27734467079
27680395412
27720919408
27766436205
27720918904
27734465296
27680390939
27720916340
27766434041
27734465179
27680387898
27720915202
27734463140
27680384996
27766432663
27734459448
27720913616
27766428377
27680370008
27766427913
27720910788
27766426946
27720910443
27766426599
27734454551
27720908691
27766423455
27734453136
27766422448
27734448513
27680350226
27720907985
27734447867
27680349358
27766420709
27720905236
27734447423
27734447289
27680347161
27720899737
27734441844
27680346975
27734441527
27680343275
27766411817
27720897252
27734440045
27680340982
27766410296
27720896413
27734436734
27680337653
27720892211
27680336310
27766408277
27734433693
27734431975
27766405034
27720885373
27734430244
27680328976
27766404540
27734428963
27680327034
27766404277
27720884844
27680324335
27720884729
27680323458
27734424273
27720882075
27680321937
27720880416
27766396784
27720880068
27680316315
27766394803
27734422237
27720877124
27766394167
27734421830
27720876379
27734421747
27720874692
27680299409
27766393121
27734421584
27680299337
27766391861
27734421507
27720872757
27680298855
27766391101
27734417268
27680297580
27766387300
27720872228
27734416582
27720871815
27766385627
27680295684
27766383842
27734414110
27720868783
27680291967
27766381831
27734412244
27720865627
27680285936
27734404358
27720865165
27680284972
27766376421
27734403805
27720864435
27766373733
27734398769
27766371115
27734398764
27720859475
27680270372
27680270225
27720857922
27680266421
27734391597
27720857404
27766369007
27720855931
27720855657
27680252312
27766362852
27734379915
27680245159
27766359883
27720847676
27680241964
27766359610
27720847182
27734376175
27766359379
27720845691
27720843926
27734372482
27766358286
27720843059
27734369349
27680234008
27720842231
27720842156
27680230770
27766343999
27720841842
27680229183
27766343994
27734359329
27680227556
27720840629
27734355080
27680227094
27766342570
27734353611
27680226975
27720836450
27734352279
27680223081
27766340373
27720830999
27766339359
27680219055
27766338600
27720827829
27734346774
27680212714
27766338475
27720827314
27734341942
27680209409
27766338275
27720826114
27734339931
27680206514
27766337747
27720824541
27734336045
27720823102
27734333937
27680201593
27766334959
27734332666
27680195510
27766333607
27720819365
27680194137
27766332008
27720818302
27734326465
27680192010
27766328568
27720817137
27766327649
27720816787
27680189766
27766324285
27720815594
27734321588
27720814423
27720811727
27766320528
27720810143
27680178086
27766320464
27720806958
27680175297
27766316985
27720804788
27734312942
27680174056
27766315281
27734310346
27720802411
27734307062
27720801163
27734305583
27680167930
27720800874
27734305406
27680166553
27766308901
27720800607
27734304981
27766308795
27734304289
27680159758
27766308521
27720797076
27734302042
27766308132
27720795764
27734301771
27680156062
27720795521
27734301556
27766305830
27734300190
27680150883
27766301200
27720792635
27734292735
27720791491
27766298412
27720789008
27734292132
27766298143
27720786833
27680138672
27766298033
27720786795
27734287568
27766295390
27720785800
27734286663
27720784807
27734285763
27766289081
27720784509
27734282478
27766286761
27720784336
27734280162
27680124082
27766286087
27720783338
27720783108
27734273401
27766281970
27720781237
27734271360
27720780692
27680120781
27766280845
27720780519
27734267680
27680120704
27766279056
27734266261
27680120178
27680118076
27720775819
27734265187
27766274083
27680113977
27720773706
27734263489
27766273027
27720771558
27680111441
27766272579
27720770973
27734260486
27680111050
27720769580
27734259445
27680108010
27720768623
27680106865
27766265952
27720768461
27734256201
27766265339
27734254484
27720768199
27734253723
27766261024
27720767614
27680094070
27766260882
27734252780
27680090190
27766260647
27720766439
27766259843
27720765907
27734250297
27766259698
27720765490
27734250236
27680087920
27766258561
27720765363
27766257925
27720764613
27734247860
27680066659
27720762376
27734246597
27720761455
27734246234
27680062645
27766255069
27734246137
27680061342
27766254791
27720759166
27734244876
27680058633
27766254523
27680052591
27680052072
27766247109
27720756473
27734234080
27680047742
27766246307
27720755992
27734228827
27734228197
27680041457
27766239364
27720754334
27720753107
27734226770
27734226573
27720748909
27734226185
27766233571
27720748537
27734225357
27766233142
27680031762
27766232714
27720746425
27734216985
27720746081
27734215964
27680027278
27766227602
27766226797
27720745274
27720745044
27734213363
27680020825
27766220212
27734212693
27680019390
27766220168
27720744601
27734211411
27680018836
27720744358
27734207090
27680012411
27734203225
27766217475
27680011178
27766216542
27720731823
27734200238
27720728563
27734198570
27680007909
27766213471
27734192717
27680007195
27766210245
27720725951
27734191693
27680005869
27766207800
27720723708
27680004633
27766205061
27720719685
27734188741
27679998084
27720711989
27766200676
27720705922
27734187356
27734184886
27679986905
27766199257
27720704344
27734183839
27679986815
27766199054
27720702817
27734181262
27679984870
27766198805
27720699917
27734179305
27679979695
27766195343
27720699150
27734177240
27679979677
27734176644
27766192539
27734173733
27720693308
27766183589
27720692274
27734169325
27679967708
27720691797
27766180755
27679965499
27720687888
27679959546
27766177781
27679959129
27766176858
27720682034
27734161566
27679956807
27679955598
27766171560
27734157761
27679953730
27766169835
27720680242
27679952791
27766169056
27720676522
27734155170
27734154948
27720670527
27734154203
27720668645
27679949643
27734153794
27766162957
27679943691
27734153256
27766161636
27720665997
27679941568
27766161386
27720665505
27766160527
27766158731
27720665280
27679931709
27734148811
27679927552
27766153704
27720662797
27679927122
27734144834
27720660393
27679923852
27734144092
27766149476
27720658369
27679923323
27734143222
27766146104
27720651923
27766145967
27720650827
27679918245
27720649497
27679915690
27734138154
27766142785
27720648768
27679913910
27734137994
27766142230
27720647861
27734136431
27766141154
27720647229
27679913002
27720645848
27679909555
27734133525
27766139334
27720644712
27679905139
27734132979
27720638290
27679898266
27766137018
27720638147
27679896736
27734131385
27720635983
27766135368
27720635456
27679887568
27766135208
27720634063
27679887494
27734126756
27720633702
27679883347
27734124489
27766131588
27720633609
27679881794
27734121242
27766127943
27679881554
27734117131
27766127935
27766126701
27720632606
27734115064
27720631161
27734109939
27766124961
27720629435
27766117763
27720629430
27720628514
27734106040
27720626769
27679865094
27734105976
27766114764
27720625618
27720624099
27679863138
27679861370
27766113860
27720621879
27679854976
27766112672
27766112562
27734099988
27766111455
27734099088
27766110171
27734097239
27766109740
27679841543
27734096583
27766109000
27720613943
27679840838
27766108815
27720613179
27734094733
27720612627
27734094390
27679830910
27766104650
27679821560
27766103401
27720611329
27734093312
27679818806
27766102967
27720608937
27734093090
27766102022
27720608113
27734089876
27679817434
27720607906
27734089476
27679815314
27766099849
27720606646
27720605636
27734088037
27766098482
27720604931
27679805216
27766096267
27720603891
27679796620
27766096166
27720603376
27734082941
27679795189
27766094734
27679795105
27766092546
27720602560
27734079757
27679793469
27720599611
27766090616
27720598950
27734077918
27679790563
27766090411
27679787497
27734070429
27766086867
27720597040
27766086277
27720595751
27734068168
27679779482
27720594210
27734067737
27766084639
27720594018
27766083587
27720593782
27734066070
27766083258
27720593424
27734065012
27720591868
27734063992
27766082595
27734060585
27679751841
27766082462
27734060281
27679744753
27766082324
27720589269
27734055861
27679743133
27766081825
27720589160
27734053215
27720588552
27734052167
27679739582
27766074858
27720585959
27679739179
27734047179
27766071463
27734046160
27766070924
27720583833
27734045309
27679729011
27734040016
27720574259
27679728825
27734036792
27766064532
27720574150
27679728745
27734035456
27766064266
27720572790
27734034358
27766063606
27720572080
27679725483
27766061701
27720572036
27679724263
27766059846
27734031181
27679723660
27766059429
27720569229
27679721303
27734030121
27766053613
27720568854
27679717620
27766051153
27720567535
27679716773
27734028246
27679715469
27734027794
27766049445
27720560628
27679713004
27766049412
27720559342
27679712100
27720558085
27679712012
27734024731
27766048171
27679707054
27734024217
27766040859
27720555174
27679705558
27734024067
27766038285
27720555104
27766038149
27679698724
27734022681
27720553998
27679694600
27734020680
27766036684
27679690530
27766036597
27734017903
27734017057
27766033623
27679685343
27734014961
27766032804
27720550513
27679684718
27734014831
27766031605
27679684373
27734011441
27766030146
27720548860
27766028722
27766028540
27720547549
27679681698
27766027306
27720546734
27734004718
27766021969
27766019025
27720543737
27679677696
27734004064
27720540833
27679676116
27766012881
27679674210
27720535399
27733999542
27766012302
27720535338
27766011438
27679670231
27679664584
27733997548
27679649229
27733997283
27766006331
27720530837
27679645589
27766006196
27766001999
27720524106
27733994695
27720523437
27679638411
27733994076
27766000731
27720523344
27679632114
27733993910
27720522534
27679629187
27733992015
27679626390
27720520640
27679620295
27733985669
27720520159
27679616334
27765993250
27720518994
27733983240
27765992183
27720516187
27679609870
27733980583
27765990520
27720512318
27679608389
27733980502
27765990224
27720511863
27679606317
27765988067
27720511438
27720511028
27679604093
27733976613
27720510968
27679600444
27733973789
27720508708
27679600436
27733972233
27765980487
27679590783
27733970225
27765979688
27733970193
27765974907
27720507141
27733966566
27765972827
27720503126
27679573108
27733965491
27765969429
27720502106
27765969350
27720502096
27765967974
27720501855
27679567725
27679561713
27733957800
27720501060
27733955888
27679545882
27733955468
27733955137
27765962110
27733951867
27765958672
27765958584
27720496035
27679533474
27733947400
27765956554
27720495983
27679530931
27765954485
27720491596
27733944640
27720491400
27679525946
27765950975
27733943397
27765950241
27679521078
27733942697
27720487816
27733940149
27720485709
27733940057
27765947920
27720485491
27733939770
27679507235
27679506799
27765938932
27720484543
27679506421
27733933364
27765936090
27679503488
27733930027
27765931542
27720484226
27679503139
27765930900
27720482661
27679501367
27733926727
27720482584
27679497670
27733923994
27765924117
27679495485
27733923022
27679494737
27720478901
27679491064
27765920172
27720478647
27765918044
27720476020
27679486993
27765912675
27765912111
27733911831
27720469370
27679478240
27765908164
27720468065
27733910504
27765906453
27720467707
27679475740
27765904735
27720467516
27679473207
27733908214
27765900253
27720465100
27679469899
27733906232
27720465001
27679467466
27733906215
27765899452
27720463242
27733906210
27679463796
27733902820
27733902416
27765898326
27720460022
27733899761
27765895560
27720457869
27679459486
27733898746
27765893616
27679458667
27765893337
27720454018
27679448673
27765891632
27765891369
27720453364
27679444978
27733893039
27679441352
27720453076
27679431677
27733889010
27720451138
27679431666
27733887752
27765886091
27720449458
27733886693
27720448618
27733885829
27765885153
27720447724
27679423460
27733885765
27765884329
27720447177
27679421833
27733883965
27765884214
27720446072
27679420008
27733881348
27765883384
27720445528
27679409783
27733876494
27720445239
27679403508
27765874950
27720443714
27679403433
27733871600
27765872576
27720440195
27765869567
27720439567
27765869277
27679394579
27765869127
27720439111
27679388955
27733868888
27765868872
27720436867
27720436741
27720436607
27679377492
27765865648
27720432378
27679377451
27765863490
27679375798
27733862626
27765862808
27679373190
27733859012
27765862588
27720424497
27720424399
27733855901
27765861726
27720424255
27679368735
27733855555
27765861024
27720422651
27733852962
27720422158
27733849089
27733845595
27679360787
27733843721
27765858738
27679358184
27733842159
27679358054
27733841617
27720417881
27679357598
27765852619
27733838812
27720413919
27679350449
27733838588
27720413110
27679349048
27765848811
27733838162
27720412893
27679343219
27765847929
27679341879
27733834742
27720411323
27679340801
27765846051
27733833635
27720407563
27679329611
27765839521
27733833137
27720406775
27733833124
27733830279
27720403183
27679326472
27720398444
27765834373
27733827612
27720398396
27765832527
27733827286
27720396089
27765831907
27720395830
27765831514
27733826844
27679312227
27733825456
27720395379
27679311616
27765830641
27679304957
27765830143
27733822968
27720394927
27679303440
27733820258
27679300370
27765826205
27733811998
27720389491
27765824000
27720389470
27679288135
27765822103
27733806749
27679283498
27765821206
27733804719
27720388600
27679282644
27765818471
27733803852
27733803267
27679275274
27765816039
27733801023
27733800020
27720383227
27765812745
27733797701
27720382728
27679263868
27765812091
27733797351
27720379940
27720377576
27679258728
27765809977
27720376409
27679253894
27765808755
27733793050
27720376032
27733790487
27720375000
27765807621
27733790432
27720374588
27765804335
27733790147
27679247591
27733787485
27720373183
27679246844
27765801686
27733786164
27720369694
27720369427
27679242234
27765798205
27679241069
27765797238
27733778390
27720362953
27679240226
27765795331
27733773560
27720358485
27679234686
27765789738
27733772307
27720356495
27765789098
27733769632
27679232882
27765788811
27733768172
27720355884
27679232220
27720355576
27679230553
27765783783
27720355057
27765779779
27733766400
27720350671
27679228312
27733765932
27720348575
27720347789
27679225908
27765779590
27720347230
27765777103
27733753153
27720346301
27679218955
27765775719
27733752575
27720346056
27679218694
27765773537
27733750107
27720345423
27679216105
27720344322
27765767861
27733748146
27720340340
27765767147
27733748026
27720338373
27765766651
27733747792
27720334778
27679210549
27765766579
27733746458
27720332591
27733743376
27765765958
27733738279
27733735897
27765758829
27720330988
27765758676
27720330643
27679196941
27720330268
27679196273
27733730392
27765756174
27679190523
27765754768
27720327544
27679183939
27733727883
27765752899
27720327006
27733727161
27765747518
27720326942
27720323944
27679168319
27733726068
27765743874
27679167455
27733722944
27765743104
27733722305
27679162159
27733720744
27765738447
27720319349
27679159443
27733717360
27765735796
27720315434
27679155779
27720315111
27679153887
27733714163
27765724482
27720313797
27765722621
27720311190
27765720184
27720307981
27679151838
27733712512
27765719466
27720307925
27679149944
27720307659
27679144351
27765712481
27679142457
27733708001
27765705969
27679139371
27733707126
27765703957
27733706665
27765702678
27720306904
27733706006
27765701302
27720305556
27679129874
27765700811
27720304209
27679123533
27733703675
27720302047
27679119474
27765700731
27720298833
27679115601
27765699121
27720297329
27733695037
27765696649
27679104233
27720297000
27765695316
27765695024
27720288087
27679100921
27765693952
27679099593
27733689950
27765693943
27679098095
27765693353
27679094262
27720284309
27765691633
27679088518
27733685971
27720283769
27679088199
27733683261
27765689944
27720281878
27679084792
27765686563
27720281542
27679084410
27765684552
27679084158
27733671747
27720280008
27733671136
27765677090
27720279309
27733670973
27765676245
27720279060
27679078459
27765676169
27720278158
27679074627
27733665426
27765675533
27720275815
27679071959
27733662349
27765675310
27720275513
27679062414
27733658422
27765673666
27679059590
27733657030
27765673252
27720272013
27733656219
27765669700
27720271808
27733655486
27765669162
27720271263
27765668785
27679044845
27733653939
27720269862
27720269827
27765665257
27679034584
27733646420
27720268932
27765664803
27679032712
27733646411
27720268912
27765663934
27679030270
27733643132
27720268400
27679026740
27720268302
27765658598
27733641203
27720268025
27679021592
27720265341
27765657147
27720264991
27765656267
27679013261
27720260895
27765653546
27733631153
27679009767
27765652225
27733629627
27679008826
27720260021
27733629426
27679007795
27720256606
27765649043
27733622893
27679006119
27765648307
27720255686
27765646961
27733617850
27679005230
27720254621
27733617201
27720254382
27765643324
27733616678
27733614664
27679003185
27720249694
27733613313
27679002180
27720247636
27765642914
27733613108
27678998445
27720245804
27678994270
27720245075
27765640287
27733610939
27678993992
27720242838
27765640158
27678988080
27765639540
27733606294
27678983811
27720239465
27765638022
27733604074
27678983514
27720238986
27765637886
27733595051
27765636430
27733594402
27678980693
27720237728
27765635311
27678978091
27765633930
27733592861
27678977362
27765633860
27678964377
27720236137
27765631647
27678962107
27720235325
27765630361
27733587339
27720235132
27765628348
27733585781
27720233254
27765628271
27733584678
27720232423
27765624650
27733583841
27678957684
27720232200
27765624354
27733581934
27678957582
27720229231
27733581787
27765622761
27678952530
27765622661
27678952156
27720226080
27765622135
27733579860
27678952148
27765621311
27678951337
27765620688
27733578207
27678945007
27720223046
27765619262
27733575367
27678944822
27720222306
27733572205
27678943000
27765618058
27733570807
27678941812
27733569096
27720218000
27765614719
27733565793
27720217955
27765612040
27733564697
27720217906
27765610180
27733562878
27720216819
27678922299
27678918120
27765608407
27733554575
27720215940
27765608005
27720214730
27733548939
27733546920
27678908432
27765605395
27765604975
27733544117
27720209201
27678900007
27765604008
27733540855
27720208913
27720205823
27678882928
27765599824
27733534749
27720201080
27733533323
27678877990
27720200925
27765599149
27733531764
27678877260
27720199444
27765598198
27733528318
27678877073
27720198587
27765597724
27733527651
27678875579
27733522836
27720194295
27765591958
27733522528
27720193070
27733522515
27720191900
27765589415
27733521217
27720191230
27765588500
27733520794
27678861243
27720190589
27765588008
27733520224
27720188071
27765584057
27733515750
27720186100
27765582853
27733513603
27720183920
27678854170
27720182774
27678846390
27720182258
27765572366
27678845652
27720182059
27765572126
27733510990
27720182037
27765566405
27733510738
27678843927
27720181939
27765565847
27733510007
27720180853
27765565178
27733509184
27733506735
27678833174
27720176326
27678831599
27720175927
27765560516
27678824352
27765557398
27733504016
27720174246
27733503885
27678815879
27733502563
27678814793
27720172211
27765545303
27733501731
27678814453
27720170960
27733501144
27733500473
27765543857
27678811736
27765541338
27720167266
27733495920
27678810890
27765540811
27720167219
27765537388
27733487117
27765537227
27733486184
27720166008
27765536855
27678807365
27720165073
27765536257
27678806186
27678805732
27765526134
27733477669
27678803944
27733476359
27720155651
27733476042
27678797477
27765525296
27720150727
27733473790
27733472147
27678791131
27678790456
27678789559
27765510426
27678783093
27733462300
27765507595
27720140173
27733460059
27765507207
27678774361
27733456172
27733455566
27765503584
27765498941
27720135897
27733449195
27678757832
27765496118
27765495474
27720132350
27765494979
27733445900
27720130849
27733444388
27678753175
27733439761
27765487054
27678746914
27765486484
27733433411
27678740775
27733433008
27678736810
27678732948
27765483901
27733429672
27765482334
27733428095
27720118628
27733428049
27678727786
27733427288
27733426703
27765478764
27720117574
27733425811
27765478459
27678721047
27678705381
27765474563
27733411111
27765472382
27733410000
27678693784
27733408686
27733408285
27678686949
27733403267
27765468508
27733399931
27765465872
27678675526
27765464217
27678672272
27733397925
27765463541
27678671911
27733396928
27733396009
27765462312
27733394996
27678664771
27733394539
27765454492
27678659905
27733393940
27765450412
27678655081
27733393498
27765448527
27678654742
27765444938
27678654610
27765444843
27733387761
27678651802
27765441754
27678648965
27733379096
27733375881
27765437205
27678642969
27765436567
27733373342
27678642591
27765435867
27733371760
27733362230
27678639205
27765433258
27733358870
27678628884
27678627632
27678626660
27678624334
27678623074
27733352866
27678621222
27733351158
27678617473
27678608325
27733347548
27678608131
27678604953
27733343638
27733342818
27678599977
27733341303
27678594145
27733339130
27678593319
27733338245
27678592893
27733335554
27678592799
27733335394
27733334415
27678587106
27733332812
27678581507
27678581376
27733330370
27733329851
27733329115
27678572933
27733324209
27678570589
27733324125
27678567947
27733321693
27678566546
27733321144
27733320009
27678559773
27733317383
27678556964
27733315302
27678556937
27733312940
27733308139
27733304832
27678552855
27733304351
27733302507
27678547818
27733286647
27678547068
27678543488
27733275106
27678537792
27733273449
27733269745
27733266075
27733265867
27733265102
27678524852
27678521908
27733263336
27678520788
27733250871
27678520491
27733248839
27733248388
27678516530
27733244898
27733242377
27733241996
27678501298
27733241968
27678501235
27678500546
27733232741
27678498668
27733229892
27678490466
27678489187
27733227725
27733226955
27678485925
27733226366
27678484351
27733225924
27678484344
27733221827
27678483729
27733221540
27678478596
27733216457
27733211602
27678477678
27733201252
27678476394
27733199011
27733197008
27733194734
27678462145
27733193515
27733192152
27733191996
27678448733
27733189784
27678440228
27733188254
27678437272
27678436208
27678434428
27733181846
27678428199
27733179506
27678426178
27733179447
27678422034
27733174822
27733174760
27678416386
27678414526
27678414118
27733170565
27733169171
27733168783
27678410703
27678408242
27733167718
27678405695
27733155921
27678399134
27733155715
27678397036
27733152319
27733151541
27678391730
27678389532
27678388374
27733148188
27733146833
27678383101
27733142478
27678381155
27733140437
27678378940
27733139377
27678371659
27678370848
27733137963
27678369809
27733133555
27678369198
27733132958
27733131312
27678367476
27733131070
27678364362
27678362263
27733128865
27678352373
27733127346
27678351996
27733124088
27678351751
27733122864
27733121669
27678350873
27678347094
27733118315
27678333304
27733117844
27678330257
27733114487
27733113409
27678325250
27733111602
27678324058
27733111396
27678322337
27733107990
27678321814
27733105506
27733105196
27733099062
27678313345
27733097087
27678312165
27733094842
27678309908
27678300407
27733090941
27733089265
27678296844
27733087083
27733084745
27678290635
27733083326
27733082232
27678288616
27678285507
27733080827
27678282552
27678282460
27678281303
27733072671
27678279859
27733068774
27733068339
27678276692
27678275869
27678275679
27733065965
27678271937
27733062468
27678270205
27733050572
27678268974
27733050106
27678267344
27733049234
27678256474
27733047642
27733046767
27678253814
27678242454
27733044515
27678242272
27733042937
27678240450
27733039518
27678238755
27733034140
27678232782
27733032179
27678232321
27733031779
27733031096
27678219760
27733031066
27733030005
27678215943
27733029502
27733024199
27678202916
27733020988
27678200525
27733020822
27678199057
27733018601
27678192451
27733017189
27733016850
27733016776
27678179306
27733015004
27733014256
27678170787
27733013007
27733012227
27678164663
27733006929
27733006428
27678161227
27678160390
27733003841
27678157346
27733003478
27678154515
27678152405
27733001201
27733000590
27732999011
27678139811
27678138437
27732996444
27678136041
27732996213
27732993144
27678131858
27732982885
27732980273
27678117788
27732977616
27678117348
27732970942
27678115980
27732968131
27732968130
27678104371
27678100699
27732962566
27678094323
27678089016
27732955052
27732954870
27732954307
27678082915
27732951487
27678071035
27732945731
27732944654
27732944561
27678063018
27732944360
27678060590
27732944314
27732942721
27678055611
27732941577
27678054873
27732941571
27678053423
27732940643
27678046619
27678045268
27732929214
27678045055
27732925237
27678038122
27732923808
27732923696
27732921364
27678028207
27678026832
27732919086
27732918044
27678024116
27732916717
27732914462
27732912430
27678016440
27732912317
27732911369
27732909676
27678006166
27732909151
27732908349
27678003912
27732907623
27678000037
27732905004
27732904404
27677997848
27732901791
27677992459
27732901120
27732898410
27677988673
27732896043
27677972590
27732894622
27732894592
27677970043
27732892355
27732890643
27732889087
27732888900
27677966694
27677963136
27677960131
27732881575
27732881237
27677945666
27732879805
27677942156
27677934707
27677932411
27732878632
27732877064
27677930032
27732870850
27677928099
27732867470
27677926187
27677923761
27732865888
27677917627
27732863602
27677913200
27732861064
27677911082
27732860429
27677910947
27732859782
27677910050
27732859781
27677908516
27732859370
27677896799
27732852697
27732852397
27677888451
27732848623
27732848417
27677884909
27732844339
27677883360
27732843066
27677881930
27732837227
27677863647
27732830090
27732827008
27677858632
27732825000
27732824293
27732821603
27677853073
27732818262
27677850855
27732817283
27732811381
27732811234
27677844628
27732807864
27732806699
27677843542
27732806663
27677838417
27677835938
27677835603
27732794077
27732788608
27677827457
27732784400
27677824339
27732782171
27677824036
27732780261
27677818828
27732780204
27677813838
27732777892
27677812138
27677809012
27677805524
27732775427
27677804144
27732773412
27677800451
27732772884
27732771967
27677799237
27732769291
27677795837
27732764908
27677792694
27677792181
27677789815
27732759494
27677788327
27732759040
27677787858
27732756431
27677780898
27732756014
27677780173
27732754476
27677779538
27732754385
27677775187
27732750652
27677771312
27732746445
27677765233
27732742866
27732741634
27732740371
27677762514
27732739932
27677759869
27732737237
27677754075
27732735300
27677727377
27732733218
27732730211
27677723703
27732729485
27677722462
27732727048
27677715668
27732726749
27677713440
27732724218
27732722053
27677705986
27732719045
27677704333
27677701358
27732708392
27677699378
27732707972
27732705755
27677691346
27732704993
27677688029
27677686808
27732703156
27677684798
27732700301
27677683081
27732694248
27677680710
27732694018
27732692548
27732688971
27677671634
27732688481
27677670885
27677669198
27732686773
27677669026
27677668828
27677666212
27732680246
27677655966
27732678316
27677654400
27677652725
27732673518
27677651725
27677646426
27732671627
27677634456
27732668577
27732665009
27677630239
27732664826
27677628944
27677626269
27732659719
27677625437
27732654710
27677623972
27732654542
27677623847
27732652717
27677623665
27732650210
27677621007
27732650009
27732647315
27732645523
27677598550
27732642256
27677597187
27677596408
27677591316
27732639658
27677580246
27732638840
27677580013
27732636775
27732636566
27677575906
27732636359
27677572924
27732634889
27732633730
27732630987
27677568137
27732630158
27732629558
27677566564
27732629373
27677565320
27732628562
27677563893
27732626152
27677557755
27732617483
27677555283
27732616401
27677548414
27732615854
27677547880
27732615093
27732615004
27677530523
27732612657
27732608620
27732608269
27677514952
27732605995
27677512793
27677509627
27732602862
27677509152
27732594194
27732593133
27732592632
27677502148
27677500248
27732590602
27677500198
27732590452
27677499686
27677498528
27732589005
27677498352
27732586369
27732584168
27732582852
27677492344
27732582688
27677491078
27732581692
27732580828
27732578898
27677484574
27732577772
27677484216
27732575319
27732575056
27677472339
27732573548
27677470495
27732572331
27677469491
27732572041
27677467834
27677467625
27732566620
27677465333
27732560172
27677461451
27732559650
27677459160
27732558887
27677459154
27732557293
27677455636
27732555599
27677451005
27732552482
27732551352
27732551248
27732549640
27677432426
27732548692
27677430824
27677424502
27677423231
27732538809
27677417145
27677412928
27677408411
27677403488
27732536122
27677387786
27732535252
27677386069
27732533555
27677379363
27732531716
27732528931
27732528522
27677377240
27732528455
27677369365
27732527698
27677368348
27732527384
27677366468
27677364069
27732521794
27732521616
27677361133
27732520039
27732518836
27677359561
27677355664
27732515718
27677354243
27732514004
27677352603
27677351675
27732513441
27677350808
27677349785
27732507800
27677348147
27732507615
27677346135
27732506296
27677334196
27732501257
27677333730
27677323844
27677321726
27732496035
27677319927
27732492824
27677316976
27732489238
27677312131
27732487412
27677309709
27732486695
27677306909
27732482024
27732480803
27677297783
27732478826
27677297326
27732477780
27732475974
27677289440
27732471803
27677285360
27677283033
27732466912
27677276203
27732463266
27677273666
27677272624
27732455937
27677268756
27677256589
27732454533
27732450836
27677254497
27732449858
27732449196
27732448854
27732446348
27732446062
27677244591
27677244521
27732444963
27677242037
27732443672
27677240705
27732443409
27677240390
27732442563
27677229752
27732442523
27677228900
27732441733
27732440993
27677224147
27732437917
27677223905
27732437734
27732433251
27677222701
27732431515
27732430004
27677219874
27732429368
27677217531
27732427916
27677214381
27732425079
27732424370
27732424092
27677207247
27732423377
27677206428
27732418402
27677205544
27677199978
27732417515
27677198545
27732416911
27732412084
27677195147
27732412032
27732411341
27677186135
27732408735
27677185346
27677182763
27732408082
27677181881
27732407816
27677180646
27677180512
27732405560
27677178933
27732399228
27732395280
27732393380
27677174817
27732392818
27732387959
27677172187
27732387424
27677166335
27732383450
27677157878
27732383204
27732382026
27732379504
27677150772
27732379261
27677150580
27732377586
27732372888
27677145756
27677145199
27732368891
27732368004
27677141424
27732367680
27677139171
27732361876
27677121386
27677120826
27677118425
27677114340
27732355137
27732354787
27677102206
27677099906
27732351739
27677098741
27732351226
27677098689
27732349245
27677096606
27732348589
27677095469
27732346115
27677087425
27732344230
27677087316
27732340340
27732338600
27677078648
27732338339
27732334594
27732334456
27677064491
27677062473
27732333425
27677059531
27732332219
27677056617
27732332136
27732327056
27677052462
27732326697
27732325201
27677039455
27732324407
27677035912
27732324165
27677034349
27732324127
27732319201
27677033585
27677032171
27732318014
27677028363
27732317445
27677026539
27732316551
27677024003
27677021071
27732314391
27732310637
27677009621
27732309918
27677001974
27732309116
27732308086
27676988700
27732306461
27676988678
27732303798
27676985179
27732303059
27676983629
27732302043
27676980055
27732301496
27676976605
27676971094
27676969267
27732300514
27732299616
27676962414
27676962218
27676959688
27676957485
27676956952
27732292322
27676956498
27732291783
27676954126
27732287359
27676953591
27732284725
27732284571
27732283928
27732281520
27676933454
27732279415
27676928490
27732274913
27732274030
27676924641
27732271712
27732270013
27676915707
27732268822
27676915243
27676912291
27732267942
27676910222
27732265697
27732263925
27732259849
27732259248
27676898993
27732258402
27676898506
27676896991
27732257487
27732255560
27676894707
27732254841
27676891458
27676889412
27732252764
27676886883
27732250421
27676885899
27732248615
27676874356
27732244779
27676874149
27676870790
27732240123
27676866100
27732238200
27676858813
27732237099
27676854666
27732233445
27676852477
27732233335
27676851690
27732232063
27676849636
27732227803
27676836315
27676830893
27732225651
27676830754
27732221117
27676830202
27732220123
27676824933
27732219887
27732218121
27732218073
27676812629
27676812266
27732216678
27676809710
27732216244
27676807178
27732213982
27732211562
27676798162
27732211245
27676797276
27676796570
27732208866
27676794674
27732207521
27676789556
27676788666
27732206265
27676788191
27732205780
27676784571
27732205422
27732203493
27732202237
27676778775
27732199913
27732199879
27676762991
27732196823
27732195851
27676760967
27732192779
27676758620
27732187505
27676755635
27732185758
27676748786
27732182445
27732180350
27676743954
27732179703
27676736151
27732179017
27676735541
27676735364
27732174726
27676731282
27732173755
27676727330
27732171258
27676724386
27732168449
27676714393
27732162054
27676707470
27732158662
27676705258
27732158323
27676699483
27732156858
27732153047
27676697284
27732151999
27676694032
27732150344
27676691132
27676684706
27676677547
27732148578
27732147733
27732147635
27732146910
27676671418
27676666701
27732144444
27732143810
27732140969
27732140265
27676659037
27676657711
27732136906
27676656580
27732133528
27732132732
27676648648
27676644421
27732125986
27676644132
27732124875
27676640827
27676639645
27676637883
27732117300
27732115005
27676636262
27732112302
27676633044
27732110632
27676632570
27732108831
27732108255
27676630067
27732108014
27676629186
27732107473
27676628955
27732107007
27676628285
27732106688
27732106222
27676624813
27732102032
27676615633
27732093736
27732092537
27732085596
27676611778
27676607380
27732079597
27732079079
27732078423
27732077760
27732077602
27676592391
27732074980
27732072675
27676586054
27732069772
27732068030
27676578915
27732066683
27676574760
27732064457
27676570889
27732063231
27676570482
27732062822
27732062691
27676546034
27732059507
27676543457
27732059235
27676542606
27732058999
27732058373
27676539781
27676539643
27732050592
27676532559
27676531287
27732050312
27732049768
27676523748
27732048614
27732048217
27676518807
27732048127
27732036683
27676513384
27732036528
27732035591
27676505419
27732034248
27676504984
27732027817
27676503821
27732026986
27676491981
27732026174
27676485930
27732025631
27676484485
27676474772
27732023635
27676472424
27732019708
27676471477
27676468571
27732016404
27676468519
27732015132
27676468482
27732013895
27676467795
27732013198
27676467580
27732012142
27676462991
27676460612
27732007710
27732007054
27676454127
27732005635
27676450405
27676450119
27732002522
27732000138
27676448761
27732000009
27676446711
27731999909
27731998848
27676445238
27676443394
27731998599
27731998339
27676440402
27676433848
27731994290
27676432825
27676428695
27731993540
27731989770
27731989448
27676418733
27676417348
27731986262
27676411610
27676410611
27731983029
27676410153
27731982745
27676407667
27676407563
27731981464
27676407547
27731980689
27676403361
27731975080
27676402763
27731972193
27676400091
27731971478
27676398449
27731971418
27676397077
27731970280
27676394132
27676384936
27731966473
27676379970
27676379584
27731964621
27676379525
27676374822
27731964319
27676370453
27676369128
27731963189
27731961753
27676365387
27731957329
27676359655
27731956770
27676357233
27731955764
27676353893
27731955185
27676353678
27676351778
27731953119
27676349696
27731951656
27676347653
27676335024
27731945814
27731945447
27676333192
27676328553
27731942864
27676323093
27731939654
27676315499
27731938685
27676315291
27731935746
27676305360
27731933983
27676297085
27731922646
27731921424
27731920568
27676294934
27731919190
27676292962
27731918855
27731916962
27731916924
27676289353
27731914892
27676286018
27676278664
27676278399
27731910338
27676278178
27731910052
27676275037
27731908698
27676274136
27731906812
27731905920
27731903955
27676268851
27676267056
27676266223
27731898504
27676265938
27676262127
27731894836
27676261617
27676260572
27731893081
27676259886
27676253739
27731888859
27731888424
27731885410
27731883055
27676239029
27676239014
27731879377
27731878687
27676235400
27731873393
27676231098
27731866427
27676230881
27731859878
27731859074
27731858650
27676225093
27731858069
27676221215
27676210667
27731855975
27676205928
27676201199
27676193506
27731849438
27676189716
27731844606
27676181890
27731843656
27731842087
27731840759
27676174216
27731838987
27676171539
27731835045
27676169619
27731833173
27731829416
27676160798
27676160449
27676158070
27731825257
27731824788
27676155484
27676148390
27731824632
27676141552
27731821999
27731821985
27676134177
27731817977
27731817879
27676129244
27731817255
27676128864
27731811458
27676108785
27731810145
27676102608
27731807768
27731807316
27731806511
27731805949
27676084191
27731805292
27731804804
27731801080
27676079474
27731800765
27676078676
27676078557
27731798687
27676077214
27731796825
27676075931
27731795536
27676072321
27731795373
27731794907
27676070798
27731794554
27676062806
27731793822
27676061489
27731790940
27731786977
27731781800
27676055715
27731780401
27676051247
27731777880
27676051010
27731777048
27676043162
27731774394
27676039306
27731770888
27731768477
27676037754
27676037417
27731765725
27731765443
27676031614
27731761930
27676022545
27731759973
27676020551
27731753182
27676013410
27731753104
27676012768
27731751590
27731751540
27676006369
27676000111
27731749090
27731744860
27675988947
27675958085
27731743629
27675950174
27731741230
27675949291
27731740182
27675887354
27675793992
27731737915
27675774388
27675761414
27731735194
27731732822
27731732558
27675687918
27731731758
27675684721
27731730457
27675675686
27731728925
27675659529
27731728739
27675658100
27675578885
27731725669
27675563325
27731724790
27675543668
27731723180
27675502441
27675463381
27731717507
27731715718
27674978772
27674953908
27731714496
27731712316
27674901833
27731711862
27731711395
27674879638
27731710943
27674813470
27674760221
27674697297
27731710157
27674630558
27731709732
27674512052
27731707996
27674483328
27674451684
27674402693
27731707488
27731707477
27674386597
27674381738
27674299197
27674298773
27674295307
27731693609
27674282650
27731690589
27731690231
27674250179
27731689149
27674243064
27731687522
27674192032
27731683045
27674191068
27731681882
27674189884
27731681202
27674156598
27731679014
27731674063
27674140609
27674137987
27674129142
27731670157
27674123700
27731669962
27674099445
27731669357
27674096645
27674095306
27731668821
27674094329
27731668222
27674091853
27731666157
27674091428
27731653623
27674091300
27731651735
27674086580
27674084684
27731649971
27674081110
27731647868
27674081051
27731646230
27674077181
27674074919
27731644316
27731640888
27674071122
27731639295
27674067187
27731638292
27674064233
27731637049
27731635224
27674055342
27731632868
27674049619
27731632520
27674047169
27731630215
27731626068
27674042247
27731625677
27674040054
27731623919
27674039050
27674038850
27731623710
27731619704
27674033301
27731618551
27674031183
27731618316
27674030328
27731617802
27731613999
27674028207
27731613176
27674026049
27674025767
27674025689
27731609270
27674024877
27674021744
27674021137
27731604631
27731604460
27674018855
27731602950
27674013550
27731595108
27674011860
27674011372
27731593656
27674011071
27731593421
27731592860
27674003361
27674001648
27731591947
27731591864
27731590995
27731590418
27673994075
27673992874
27731587205
27731584942
27731582936
27731582555
27673985379
27731580343
27673980362
27731578485
27673978762
27731577446
27731576559
27673973908
27731575750
27731574987
27673959324
27731572534
27673958508
27731569355
27673955104
27731568742
27673954292
27731566445
27673953876
27731565720
27731564284
27673950864
27731562471
27673939009
27731560351
27673935331
27731552920
27731547985
27673929459
27673929362
27731542222
27673924357
27731538601
27673923302
27731536768
27731534076
27673920703
27731531167
27731529428
27731529346
27731529051
27731525531
27673912290
27673906551
27731520438
27731518724
27673902248
27673901884
27731515784
27673901327
27673900902
27673900863
27731514392
27731512538
27673897599
27731511414
27673892053
27731511125
27673891916
27731504510
27673888187
27673885701
27731502999
27673884652
27731501331
27673880541
27731500518
27673880032
27731500465
27673879557
27731495483
27673876340
27731494618
27673874969
27731491505
27673874768
27731489369
27673874208
27673873310
27731488310
27673872279
27731487662
27673867865
27731484092
27673863750
27731483047
27731480937
27673858454
27731480739
27673857018
27731478652
27673854559
27731476697
27731475940
27673850214
27731475611
27673849921
27673849615
27731473948
27673840050
27673835279
27673834682
27673829811
27673824367
27673817763
27673808495
27673807975
27673805978
27673789465
27673787064
27673786521
27673783058
27673779964
27673778070
27673766746
27673765391
27673763755
27673762229
27673754522
27673751476
27673746711
27673745971
27673741879
27673739458
27673737692
27673736679
27673736368
27673733856
27673729827
27673729128
27673720045
27673717224
27673711955
27673710669
27673708650
27673708072
27673706059
27673704820
27673698848
27673697772
27673696066
27673689681
27673688474
27673685867
27673679437
27673675113
27673672900
27673671954
27673661900
27673657872
27673656272
27673651830
27673643115
27673642057
27673639771
27673635020
27673631301
27673624682
27673623745
27673611936
27673611651
27673608654
27673593078
27673592843
27673574475
27673571347
27673569003
27673568869
27673568298
27673567526
27673565903
27673565795
27673561942
27673556623
27673554230
27673545703
27673545562
27673544848
27673534232
27673532581
27673528643
27673525758
27673525644
27673511044
27673506460
27673500302
27673499126
27673498067
27673490465
27673490347
27673487754
27673480645
27673468410
27673465294
27673456222
27673451816
27673444253
27673441246
27673438052
27673434158
27673432633
27673421607
27879970948
27833287447
27833285548
27833283802
27833282431
27833281031
27833279988
27823169623
27833279613
27823168502
27833278426
27823164396
27833275972
27833273437
27823164058
27792867967
27833273203
27823163772
27792866444
27833272675
27823163535
27792865688
27833272630
27823163432
27833272555
27823163330
27792865419
27833270325
27823160026
27833270249
27792862332
27833269699
27823159834
27792861682
27833269422
27823158001
27792861441
27833268185
27823156628
27792860651
27833267999
27823155635
27792858009
27833267787
27823154060
27878980314
27792853425
27833267739
27823153151
27792852744
27833267122
27823152569
27792851215
27833265836
27792850971
27833265832
27823147047
27792850911
27833265070
27833264196
27823143263
27792844378
27823142418
27833263487
27823142374
27823140607
27792839493
27833263331
27792836434
27833262523
27823140067
27823139529
27833260941
27823139217
27792833393
27833260931
27833260282
27823137629
27792832834
27833259584
27823135012
27792828514
27823128540
27833258495
27878222968
27823128485
27792826645
27833257770
27823128155
27792826349
27833257515
27823127942
27792826273
27833257261
27823125777
27833255963
27823124939
27792825635
27833255800
27823124724
27833255217
27823124708
27792823281
27833254922
27823123893
27792822992
27823123112
27792822085
27833254547
27823121904
27823121189
27792816813
27833253295
27792811725
27833253047
27823115050
27792809513
27833252442
27823113438
27833252381
27823113151
27792807006
27833249525
27823111916
27792806715
27833247849
27792803832
27833246278
27823110246
27878217414
27792799584
27823110177
27792796270
27823107749
27792796247
27833245034
27833244466
27823107533
27792792561
27833243605
27823106790
27833243344
27823106488
27792790021
27833243317
27823103970
27792789727
27833241756
27823103275
27792783917
27833241438
27792783467
27792782502
27833219427
27823097599
27792782137
27833219252
27823096710
27833219193
27823094658
27833218707
27823094312
27792773937
27833218349
27823093541
27792767670
27833217625
27823093112
27792767292
27833216834
27823092106
27792766918
27823092063
27792766607
27833216106
27823092020
27833213637
27823091651
27792765169
27833213391
27823089409
27833213255
27823089183
27792761218
27833213083
27823088282
27792760180
27833212675
27823088259
27792758821
27833212616
27823088146
27833212584
27823087399
27833212569
27823086401
27833212058
27823085763
27792748688
27823085122
27792747978
27833209636
27823084554
27792747113
27833209263
27792744549
27833208901
27792742171
27833208473
27833207979
27823081189
27792740890
27833205538
27823079493
27833204560
27823079332
27833204497
27823079156
27792736711
27833204173
27823077732
27833203663
27823076935
27792734428
27833203525
27792733700
27833203514
27823076541
27792733658
27823075258
27792732946
27833202375
27823074859
27792732745
27792732446
27833201747
27823074255
27792732279
27833201465
27833201017
27823071386
27792727671
27833200599
27823071353
27792725571
27823071307
27792722466
27833199636
27823070350
27792721535
27833199350
27823069612
27792720170
27833198248
27833198237
27833197714
27833195701
27823067906
27792706850
27823066155
27792701993
27833193049
27823064634
27792701568
27833192807
27792700978
27833191235
27823064038
27833189800
27823063895
27833189204
27823063718
27792691823
27833183005
27823062717
27833177953
27823062009
27823061932
27833177804
27792684582
27792682627
27823061189
27833176719
27792678814
27823060854
27792675522
27823060509
27833176062
27823058945
27833174603
27823058060
27833174163
27823053696
27833173731
27823053441
27833173540
27792671182
27823052327
27833173182
27792670825
27823051494
27833172091
27792668226
27823050720
27833171819
27792668010
27823050060
27833171176
27792664738
27823049990
27833171036
27823049026
27823048985
27833169768
27823048942
27833167809
27792657164
27823048411
27833165220
27823047405
27792651835
27833161005
27833160368
27823044213
27792651088
27823042532
27792650057
27792644075
27833157601
27823041460
27792643316
27833155953
27823041192
27792642908
27833154330
27792641954
27833154258
27823039640
27792638638
27833152990
27823038298
27792635111
27833152949
27823038133
27792634268
27833152706
27823037919
27792633530
27833151574
27823037683
27792630039
27823036955
27833145505
27823036645
27833144084
27823036197
27792627635
27833143397
27823034714
27792623093
27833143092
27823034499
27792618343
27833142092
27823031153
27792617842
27833140987
27823030915
27792617225
27833140783
27823030820
27792617069
27833133851
27823030652
27792612685
27823030221
27792611172
27833132556
27823029917
27792611111
27823028398
27792610419
27823026820
27792610401
27823026000
27833125478
27823025835
27833125039
27823025408
27833120606
27823023886
27792600755
27823023541
27833118838
27823023349
27833118327
27792599535
27823023127
27833117325
27823021743
27792597995
27833201759
27833194738
27833113555
27823021537
27823019512
27823017775
27833108940
27792597891
27823015860
27833107558
27792594370
27823015043
27833107410
27792589148
27823014953
27833105846
27823014544
27833105696
27792587228
27823014270
27833104928
27792585125
27823013909
27833104894
27792584045
27823013506
27833104442
27823013230
27833104372
27792578034
27823012970
27833104305
27792574295
27823012445
27833103562
27792572912
27823012335
27833103275
27792571130
27823011488
27833102749
27792570285
27823010501
27833102416
27823010366
27833101679
27792569276
27823008514
27833100764
27823006802
27833099007
27833095878
27792561160
27823006118
27833095717
27823005139
27833095607
27823004700
27833095597
27792556204
27823004275
27833095551
27823004270
27833094543
27823003712
27833094480
27792554448
27823003635
27833094458
27823003598
27833094192
27792552897
27823003465
27833093996
27792552869
27823003140
27833093900
27792551718
27823002209
27833093272
27792550999
27823001747
27833092348
27822999117
27833092237
27792549355
27822998769
27833092090
27822998529
27792547300
27833088620
27833087619
27792546590
27833086804
27822996948
27792541905
27833086303
27822995390
27833086179
27822993323
27792539112
27833085724
27833084847
27822989791
27822989016
27833084683
27792535708
27822988554
27833083540
27792535243
27822986799
27833083204
27833082911
27822986210
27833082094
27833081713
27833081199
27792531632
27833080755
27792527859
27822983255
27792526211
27822980471
27833079212
27792526007
27822980437
27833078582
27792525235
27822979622
27833075873
27792521042
27822978167
27833074142
27792516828
27822977965
27833073163
27822977573
27833071520
27792515616
27833071278
27792513129
27833070296
27792512182
27822975231
27833069846
27792511749
27822972867
27833069669
27792509691
27833069588
27792506862
27833068228
27792503659
27833066006
27833065993
27792499674
27822967834
27822967577
27833064649
27822967120
27833064580
27833064395
27822964360
27792491421
27833062827
27877541458
27822963534
27792491181
27833062810
27822962749
27833062472
27822962000
27833061401
27833061161
27822958957
27833060557
27822958168
27792482675
27833059784
27792481867
27833059577
27792481351
27833058560
27822955600
27792478613
27822954479
27792477324
27833055338
27822951736
27833055154
27822949410
27792475238
27833054752
27822948476
27833054737
27792472822
27822946377
27833054283
27792471807
27822944278
27833054219
27822943412
27792470686
27833053217
27822943410
27792468301
27833053216
27822942992
27792466667
27833052872
27822940846
27792465215
27833052798
27792464943
27833052556
27822937906
27833052168
27822937369
27792464400
27833052115
27822937051
27833051814
27822936920
27792460618
27833051559
27822935108
27833051438
27822934804
27833050037
27792453118
27833049726
27822934343
27792451742
27833049277
27822934243
27792450354
27833047955
27792448620
27833047884
27833047652
27833044812
27833044428
27822928938
27833042646
27833041608
27822925049
27792436746
27833040881
27822924432
27792435488
27833039536
27822922359
27833039449
27822921501
27792433348
27833039178
27822920744
27792431606
27822919982
27792430857
27833038657
27822919560
27792430816
27833038373
27822919525
27792429372
27833038156
27822917983
27792427834
27833037313
27822916555
27792427370
27833036625
27822916275
27792425845
27833032187
27822916072
27822915831
27833031960
27822914418
27833031060
27792420489
27792412364
27822912662
27833031005
27792408275
27833030808
27822911213
27833030651
27792404543
27822911161
27833030639
27792403491
27822904575
27833028370
27822903632
27833027377
27792399911
27822902288
27833027183
27822902034
27833026992
27792392071
27822901829
27833026950
27792389359
27833026297
27833025852
27876558000
27792385441
27833025653
27792384224
27822894544
27833025619
27822893404
27833025445
27792380688
27833025123
27792380036
27833024485
27792379407
27822889313
27833024473
27792374294
27822889243
27833022297
27792373314
27822882205
27833021976
27876545828
27822882008
27833021876
27792369927
27833021779
27792369569
27833019917
27792367596
27822872512
27833019900
27792365528
27822868679
27792365013
27833019165
27792362968
27833018000
27833017830
27792361193
27822867079
27833017140
27822866419
27833017044
27792351217
27822865973
27833016099
27792349799
27833015562
27792348856
27822863362
27833015217
27792347683
27822861015
27833013568
27822859383
27833013396
27822857699
27833012958
27833012790
27792339021
27833012709
27833012646
27792336954
27822852179
27833010959
27792336381
27833010905
27792334742
27822849524
27833009538
27833009497
27792332058
27833008678
27822838884
27833008023
27792328167
27833007895
27822832403
27833007279
27833006913
27833006549
27792318763
27833006208
27822829252
27833005583
27792317063
27833004962
27792317036
27822825007
27833004832
27822824964
27833004336
27792315126
27875502989
27822823529
27833003827
27822822787
27833003161
27792314354
27822822210
27833002456
27792312494
27822814038
27833001663
27792311350
27822808304
27792309218
27822808185
27833000872
27833000300
27833000153
27792303995
27832999272
27792303071
27832998627
27832998122
27822699914
27832998077
27822695746
27822694920
27832996510
27822693978
27832995803
27832995707
27822692622
27832995454
27832994528
27822689713
27832994022
27822688974
27832992237
27822687286
27832991918
27822686727
27832991753
27832991662
27822685269
27832991097
27822685079
27832990439
27822684370
27832990200
27832989935
27822682909
27832989914
27832989420
27822678655
27832989279
27822678041
27832989226
27822677713
27832988858
27822677593
27832988389
27822677099
27832988343
27822674702
27832987963
27822674574
27832986246
27822674374
27832986046
27822673314
27832984079
27822672969
27832983098
27822672815
27832982663
27832981672
27822671148
27822670631
27832980042
27822668986
27832979989
27832979351
27822665478
27832978727
27832977945
27822663708
27832977688
27822662204
27822661606
27832975620
27822660380
27832974910
27822657014
27832973952
27822656858
27832973827
27822654711
27832973402
27874700000
27822652977
27832973088
27822648863
27832972506
27822648794
27832971498
27832970900
27822642301
27832970842
27822641642
27822640393
27832969786
27822639204
27832969122
27822636373
27832967787
27822633620
27832967333
27822633435
27832967024
27874052233
27822631103
27822629464
27832965917
27822626269
27832965745
27832965555
27822624177
27832964031
27822622338
27832962702
27822621372
27832962593
27822618850
27832961610
27822618276
27832961222
27832956548
27822610722
27832955815
27822608598
27832955805
27822607417
27832955532
27822605578
27822603602
27832955087
27822602869
27832954505
27832954322
27822600754
27832954119
27832952295
27822597200
27832952281
27822597002
27832950691
27822595780
27832950367
27832950212
27822594884
27832949931
27832949914
27832947984
27822590128
27832947678
27822589335
27832946837
27822588665
27832945260
27832944653
27822588412
27822587682
27832944566
27822586234
27832943017
27822585798
27832942654
27832942156
27832941903
27822583323
27832941574
27822582615
27832941546
27832940356
27822581639
27832939574
27822580149
27832938526
27822578601
27832937068
27822575889
27832937050
27822574924
27832936877
27832936570
27832936471
27822572361
27832936340
27822572138
27832936146
27822571413
27832935699
27822571349
27832935512
27822570142
27832934871
27822569546
27832934713
27822568849
27832934446
27822568410
27832934272
27822567901
27832934143
27822566360
27832932878
27822565608
27832932424
27822565367
27832930449
27822562572
27832928920
27822562023
27832928905
27822560574
27822560351
27832927564
27822560006
27832927223
27832926882
27832926408
27822557795
27832925959
27822556465
27822556365
27832925453
27822556195
27832925422
27822556071
27832925030
27822555601
27832924707
27832924240
27832923920
27832923794
27822554442
27832923046
27873302005
27832922752
27822553000
27832922684
27822552741
27832922573
27822551832
27822551438
27832921494
27822551435
27832920753
27832920700
27822551199
27832920465
27822550521
27832919755
27822550475
27832919035
27822549925
27832918894
27822549878
27832918582
27822548016
27832918532
27822547998
27832917860
27822547333
27832917741
27832917672
27822545469
27822542319
27832917140
27822541550
27832917116
27822540073
27832916890
27822539358
27832916787
27822537849
27832916597
27832916566
27822535218
27832916283
27822534241
27832915097
27832913976
27822528509
27822518043
27832912490
27832912385
27822394819
27832911019
27822390976
27832910063
27822390022
27832908737
27832907534
27822381887
27832907468
27822381648
27832906602
27832906562
27822373258
27832906127
27832905477
27832904594
27822364670
27832904566
27822362964
27832904275
27832904203
27832903857
27822360926
27832903776
27822356874
27832903686
27822353570
27832903215
27822351165
27832902721
27832902116
27822343156
27832901922
27832901084
27832900555
27832900272
27822339990
27832900000
27822339277
27832899879
27832899086
27822338421
27832898509
27822338098
27832897921
27822336005
27832897495
27822334415
27832896669
27832895112
27822333078
27832894844
27822333077
27832892545
27822332651
27832892050
27832891952
27832891494
27832891074
27822326709
27832890411
27822323536
27832888245
27822319927
27832887164
27822319746
27822318563
27832885523
27822314682
27822314604
27832884275
27832883773
27832882944
27822302372
27832882721
27832882058
27822301171
27832882006
27832881949
27832881571
27832881543
27822297606
27832880992
27822297604
27832880765
27822294014
27832880715
27822293710
27832880428
27832879856
27822293222
27832878710
27822290141
27832877686
27822288664
27832876577
27822285004
27832876473
27822282489
27832876402
27832876284
27822279681
27832876077
27822279207
27832876007
27832875941
27832875890
27822277280
27832875112
27872558388
27822276726
27832874774
27822275670
27832874242
27822275095
27832873465
27822274692
27832873233
27822272993
27832872925
27822271871
27832872885
27822271197
27832871698
27822270626
27832871143
27822269783
27832870399
27822269461
27822269420
27832870018
27822268911
27832869666
27822268664
27832869663
27832868281
27822268451
27832865599
27822268183
27832863814
27832862810
27822266180
27832862480
27872450099
27832861678
27832858900
27822263698
27832858445
27822261886
27832858376
27822259728
27832857623
27872382084
27822257797
27822256084
27872380608
27822255931
27832852948
27832852708
27822254163
27832850938
27822253062
27832850547
27822252630
27832849549
27822250624
27832849065
27822246661
27832847025
27822245142
27832846929
27822245090
27832846478
27822244862
27832845993
27832845265
27822244348
27832844884
27822244224
27832844635
27832844012
27822233357
27832843744
27822233024
27832843388
27832843341
27832843219
27832842973
27832841818
27832841654
27832841039
27832840570
27832838468
27832837897
27832837303
27832836940
27832836785
27832836556
27832835587
27832835393
27832833746
27832831402
27832831315
27832831200
27832830427
27832828898
27832828888
27832828792
27832828450
27832828008
27832827435
27832826547
27832825721
27832825592
27832825491
27832824194
27832822390
27832821360
27832819906
27832819572
27832818768
27832818327
27832818181
27832814334
27832814073
27832810262
27832809786
27832808795
27832807265
27832805621
27832805201
27832804971
27832804509
27832804042
27832802139
27832801380
27832801201
27832801032
27871523553
27832800168
27832799922
27832798000
27832797834
27832797402
27832795992
27832795921
27832795563
27832795434
27832792795
27832792388
27832791081
27832789372
27832788817
27832788663
27832788184
27832787383
27832784217
27832784201
27832783988
27832783687
27832783377
27832783110
27832782408
27832781650
27832780333
27832779875
27832779860
27832778102
27832777986
27832777554
27832777237
27832776554
27832776156
27832775321
27832775227
27832774483
27832773494
27832772557
27832771406
27832769663
27832769326
27832768558
27832768110
27832767687
27832765290
27832761986
27832761778
27832761206
27832761044
27832760817
27832759034
27832758789
27832758031
27832757659
27832757549
27832757305
27832754898
27832753870
27832753518
27832753149
27832752704
27832751303
27832751232
27832749647
27871487400
27832749161
27832747860
27832746447
27832744256
27832744110
27832744061
27832742635
27832739744
27832739399
27832739292
27832739183
27871358989
27832738556
27832738046
27832737769
27832737551
27832736330
27832736166
27832735298
27832732767
27832732141
27832731972
27832730632
27832730055
27832729955
27832728807
27832728296
27832727844
27832727329
27832727177
27832726848
27832726829
27832726452
27832725603
27832724842
27832723907
27832722600
27832722171
27832722150
27832722117
27832721395
27832721054
27832719551
27832719382
27832718756
27832718675
27832718586
27832718093
27832717818
27832717749
27832716640
27832715610
27832715534
27832714084
27832713237
27870957260
27832712877
27832712695
27832712286
27832711410
27832711095
27832710437
27832710029
27832709933
27832708554
27832707663
27832707077
27832706553
27832705213
27832704771
27832704595
27832704227
27832703915
27832703354
27832702216
27832699665
27870930973
27832699318
27832698008
27832697659
27832697370
27832697082
27832696785
27832695858
27870884483
27832693847
27832692278
27832691686
27832691229
27832691020
27832690266
27832690080
27832688866
27832688863
27832688513
27832687361
27832687228
27832686562
27832685856
27832682494
27832682119
27832681992
27832681249
27832680984
27832680566
27832679962
27832679840
27832679745
27832679176
27832677870
27832676592
27832676089
27832675891
27832675476
27832675422
27832674747
27832674624
27832673669
27832673640
27832672439
27832672025
27832670444
27832670405
27832670070
27832669890
27832668472
27832667290
27870575500
27832667270
27832666407
27832664743
27832661800
27870570338
27832661322
27832661122
27832660308
27832659978
27832659770
27832659388
27832659368
27832658361
27832657860
27832656668
27832655588
27832654550
27832653363
27832648955
27832648949
27832648893
27832648830
27832648454
27832647086
27832644356
27832644044
27832643880
27869990226
27832643383
27832643099
27832641769
27832641757
27832641146
27832640486
27832639326
27832638750
27832637627
27832636991
27832636904
27832635461
27832631881
27832631876
27832631786
27832629756
27832628001
27832627556
27832627322
27832626979
27832626893
27832626761
27832626494
27832626461
27832626232
27832626014
27832625936
27861990000
27832625021
27832624873
27832624169
27832624115
27832904267
27832709020
27832622581
27822829770
27832622206
27822362697
27822239297
27832621987
27792301810
27832621245
27822229928
27832620311
27792298430
27822228899
27832619988
27792294116
27822228474
27832619824
27792293833
27822228365
27832619757
27792293689
27822226897
27832619258
27792291542
27822226619
27832617656
27822225948
27832617529
27792288772
27822225757
27832616342
27792288736
27822225002
27832615995
27822224061
27832615425
27792284942
27822223760
27832613486
27792283101
27832612901
27792281318
27822222327
27832611264
27822222220
27832611250
27822221902
27792277167
27822221872
27832609097
27792276479
27832609093
27792272838
27822221562
27832607261
27822221310
27832605280
27792271333
27822219299
27832605164
27792270557
27822219292
27832605123
27792270542
27822218827
27832604382
27792267839
27822217172
27792266499
27822216193
27792266230
27822215490
27832603083
27792265612
27822214177
27832602353
27792265140
27832602222
27792259256
27822212486
27832601846
27792256946
27822211131
27832601416
27822209129
27832600699
27792252075
27832599936
27792251615
27822206370
27832599876
27822204748
27832598869
27822202529
27832598800
27822202341
27832598268
27822201236
27832598050
27792242098
27832597980
27792241988
27832597694
27792240078
27822194530
27832597646
27822193705
27832596220
27792235943
27861327237
27822189922
27832595231
27832595028
27822188802
27832593398
27792234330
27822185414
27832592908
27822185048
27832592558
27792233039
27832592226
27792229971
27822183677
27832591419
27792229028
27822181815
27832591325
27792228170
27822180100
27832591288
27832590035
27792225754
27832589631
27792225255
27822176667
27832589328
27832589007
27822173428
27832588226
27792222747
27861246362
27822171633
27832587641
27832587588
27792217772
27822170222
27832585555
27792216492
27861237467
27822167710
27832584993
27832584850
27792214178
27822167420
27832584508
27792213685
27822166479
27832584331
27792213538
27822164048
27792212103
27822163844
27832583430
27792211882
27832582531
27792206932
27822163151
27832580019
27792206856
27822161579
27832577760
27792202197
27822160392
27832575482
27792202178
27822157674
27832574374
27792201093
27822157067
27792199069
27822155339
27832571474
27832570484
27792197265
27832570403
27792191803
27822152996
27832570355
27792190288
27832569221
27832567065
27792182348
27832567000
27792180616
27822150034
27822149332
27832564861
27792175822
27822146129
27832564647
27792175418
27822145072
27832564615
27792173867
27822143165
27832564327
27792173354
27832563670
27792170094
27822141395
27832563506
27792163589
27822138947
27832563260
27792163181
27822138818
27832563030
27792160985
27822138483
27832562121
27822138267
27832560942
27822137516
27832560895
27792159460
27832560495
27832560339
27792157827
27832560224
27832560101
27822131778
27792155163
27822131299
27832557403
27822129295
27832555854
27792153360
27822128419
27792152417
27822128297
27832555422
27822127768
27832555265
27792150729
27822126937
27792150330
27822126056
27832553547
27792149479
27822125881
27832553100
27792147340
27822125207
27832553001
27822124005
27832552037
27792144777
27822123634
27832552002
27792144380
27822120634
27832551483
27792142035
27822120114
27832550654
27792141928
27822120081
27832549901
27792140020
27822120037
27832549403
27792138591
27822120000
27832548185
27792138283
27832547110
27792136446
27822118403
27832546441
27832545516
27792132044
27822116423
27832544989
27822111585
27822109060
27832544373
27792126473
27822108790
27822106892
27792124501
27822106656
27832543551
27792124240
27822105538
27832543339
27792123760
27822105513
27832541177
27792122616
27832540848
27792121777
27822104885
27832540708
27832540480
27822104010
27792120870
27822103870
27832539330
27822103644
27832539069
27792118509
27822103413
27832539056
27792116438
27832538840
27792114205
27822101163
27832537376
27792113300
27822074607
27832537087
27792112081
27832535955
27792111359
27822059225
27832535100
27792111091
27832534994
27792109301
27822039746
27832533991
27792108959
27832533969
27792108690
27822026671
27832533867
27792106002
27822024604
27832533551
27792105218
27822020329
27832532739
27822009716
27832531281
27792089213
27822004444
27832530016
27792066140
27832529111
27792047496
27832527906
27832527384

