110946018665988
778360405542721
1631491723776490
440425169826087
102825222155091
425247510828679
101274928525946
102528322077589
118409338203272
113842285342110
111327095221544
261667593945268
127809343941892
904899439533854
106831917477834
1502733219992320
1424255231198860
306274153168403
197682856986299
423404067712793
73482101624
2155110614583780
145080188886521
221149118047342
103178458208306
111833458835644
101973369135171
137632696258437
102057862961339
823660914505058
372217389577210
115583913460034
929984163688460
1361857997223720
101880931419824
1403603369864590
104460808621811
112344632417
615576601898832
187545034599896
1962575920534490
111617554941023
109276055592737
381731371973035
101203305805839
123773080980940
2300078363418060
354895361356877
1041081995930340
104343098377444
514720875534052
159520603602
230909197955
616500618808817
121803711356955
165469706962468
117646882943561
207319055976490
364664924399841
100127801802435
159711954047777
390799997605973
111304060341338
410754638995622
1612986845645310
148385464863
127320737608863
100941285100138
112035750618643
1394422620770790
149229005155657
1118517728209180
387566474993514
100381805542926
138543992213
340868712714342
261961740559929
579730055712606
1778064235747100
394371810076
301648146619657
106051571680690
112085761366204
112422354220358
143074855865826
182122098603959
56888248246
1563011630689060
124054301659554
178778679419587
144265224432453
931545383619278
962025243811590
490063004819342
203271819730961
185841384792291
103688684509893
254791561239153
104670874526267
100507256373800
574806819350632
299389846839770
111417873823553
100996558431956
109942074997352
187046374656474
321418115186341
633785140074389
110080778733720
1503746919863280
980676101965976
552490668134195
102154240807
103246339716800
145355852158414
109320092007486
100851752463757
1199402880088820
206570356040980
1549073805406550
111226221792523
635246829859702
831454556928193
168661289945651
292967027393589
101941886333852
1376629762573190
134907436719676
131337823944472
214703145225820
179872435368894
337487013229
113193065362114
361609840535219
187497021298260
149637678469390
1524726314492710
247174529066700
399828416723041
288231364940475
111501932203731
464982730375699
565958986850423
395137587772774
106661972238567
203030037229965
144442208904141
100365829416875
104404115767003
108343965062050
172734661051
188830870654
496159453732635
107755865332546
155906081281470
105467965290056
100633259520752
586977321465264
101719105736741
123157524425766
213917755648220
141131462763429
108757868877081
147817725331071
218151675036304
153064084820835
103381571427712
747002485445311
214032148653957
135992233194594
220963134764616
447482398951293
940090919373440
1594085160858770
271979553149528
270285980033091
188645794843593
621077737998970
569281519835565
338512652938420
113370041658607
103096531594833
151683482184284
114804960216483
1862729883985990
1593366960933010
157126577722668
110093035053846
103493892841441
177620484609
102511904902922
108732425068706
100834465417885
184700961608290
177139382923156
188768584589903
102857607837043
602162643294088
103306282232498
541406169364912
106852770984291
102958165869878
109255804877395
1191051667708910
480176435484880
109668881955924
110249922080830
118505509006028
1918619565037040
564148853662956
125785057470933
189718131061308
204328739579649
313893942012793
163093423734817
246186032242079
283327999076699
252171011540122
121358776217759
271549756194808
115914067391188
836784689694061
118590656591834
71996798001
106657108604519
126868430695962
262768323827799
1763462947278330
529220647147311
100722318859669
211815292207397
102683371782745
837784992974186
108549435836428
1549187105395220
111678713559957
1985054418470440
108144348941582
242805242745024
1128514840606120
453862614670724
423737144473667
239195039309
1702768316705660
251025041590882
112035588386528
1543054219315590
152765821432663
208907225812574
279998252141753
105740585072283
1032031903556220
337075826738734
155054831558765
1171827166177220
461147650593325
102934895573362
753336431403083
106683425735186
183334861706350
190542707628656
729875757128908
1727033410871240
411678169587288
294174554084128
304818456351111
654626971623238
816914535119615
275765529180560
361761607176791
103328924972498
261534860601006
129701797725099
1770541869627360
1896247220695700
197598026929245
145556798791079
116292995102043
652636908217596
578811728843215
242044329160159
112625902218874
669827626420377
224248547608614
110465200523678
222307081233225
386703094734823
109134082172059
293399924003699
203062187013080
948823598613738
455427331291755
387251974626001
103876975577515
116725818401385
910197752388038
213652308672723
113383531823377
573601689976546
105147364854015
122357111120284
197469570269578
270643936345236
110322055073657
115323138330749
101533965820189
106527484293197
324398924325542
366261990105819
106700178803407
117092097648657
627662450666731
186315032102262
100502402124212
359496450815011
87510892363
105237894593858
1460220837630930
1742581849361840
238612860040888
101514301467996
105743011625981
109007309513375
186438208411599
103655482028962
401168456617836
119394928130492
469061330129199
100160119629781
112205358354193
107404414795650
94664429015
122336487873704
666426510212735
106224755088740
104635039359633
104848431191403
103665071102655
1904147936581910
338833858932
159834687408906
109299995423585
103216943169191
109915908854584
111826208105665
319544015405875
2070555502957120
445243582184844
1434579400138680
404587453370204
817499071632223
106362142305521
2040101642869060
107574784181952
104179772070956
1236423916459630
244280692936921
104989235662319
970001493163191
172122986135508
1155136554595400
181673835222638
833679793638368
107690087502269
1947265595554370
468724966583603
367645693389606
207348559643913
650361988387065
581464935318148
109868098693530
119308934791618
615019055189821
104109828518775
151350351551117
102699168587733
16205461212
151727722154386
177811188969018
101043358735544
144941987247
1173332829501770
168190999989488
108976247667655
295731520517672
130138960416975
103212294577118
317833903008
544554092228709
783038808434961
154947258047649
101131373030311
216729075126403
124660577387916
296045543680
458125740928681
103397756080918
113379161647376
109095588345588
1453509291599610
1678479879092680
149008661780540
106069088063461
100265016088294
438153777027681
108322482529752
101548039393423
139604414048
371040549604464
413656298681494
153774278050971
865794753505199
102060121655992
378620122598617
49860210770
104793555703548
91056581622
119638468025
146595649260701
108387175268434
252035274920262
274222606551074
121492491199550
107688220576290
500052406676931
277099438984927
163801496971218
1687064004920790
1580927888851830
178049005540269
165906403498780
118527578217699
256336761114155
386976530960
108968525173044
100101891378155
911889875549183
167890547258171
144595055587000
119318851447219
106042984436631
410523882702470
139842272722846
530651047013654
100173382354697
181136398579736
306775196432866
106746551382023
113224783481047
543943318989679
111890824959388
604496702912893
699017633567814
1186978867991810
281289211889043
111557118195623
113303438335399
268521690438257
958587684284461
1133082766718800
101211235370676
333464843338495
294153297631185
362051477864388
624230480970615
124439484294510
1059172647488080
103580802109569
1618581645035970
1649069058709730
151304381707143
292018545048
303533903086755
187458151301893
111060955386965
110441532064830
282229825502055
114913618527845
148409088524361
1034628266632700
820681191375521
436150086747242
216462271702313
467055126733517
570032420019490
259137108214666
161882473889286
105393601288508
866239386743699
831485113646345
334142810111682
108603566202757
100686892297728
1171344966220880
102183227985780
762933443763034
454474674651965
392866060754079
101356852071850
167404513316612
410531502490467
1945999305700370
105367062557125
134656163261105
1512819578793100
105892664871149
119251414481889
331696687687
167255870026457
160500711233488
433296270036041
114450464069521
1871376289777200
504509142976099
194221293981682
110308307872245
196294497181277
2111344805788380
2114743115217590
216620648367633
869592546402775
146614288724269
340116739479086
208088862966802
103915272741821
101161292215604
106664957996412
349548175405348
264048063342
397203183685435
348405865519894
172779336263514
800802146950769
120957691361740
1719274845048890
336338483219356
126010947445622
356950271068205
6555286701
222957071205890
398254277234831
270790513049807
193789703979410
259128780846560
255884335096932
303059120282762
102495231618937
183477138342317
103316056388732
101944649363311
310716712364931
138430279568454
389016101888748
432599513608867
227610968191072
108881715253607
251757958170624
109391495525519
203684446738480
114980769879516
327958311084488
106976545988960
361128954467
186066261414124
112676117053181
105562872366815
149594861725976
383474871831140
131779483564980
551050711572632
114688909983836
100395966293795
321718211298750
303937479732283
101777996148506
503928616483121
425484004500872
320620184657467
382714635080002
226975670705633
214690395935365
102907059579904
328516817171698
1748888348723290
100845706387420
100235439755647
100781172684488
1078087652302870
632388760237655
7836818715
332880574617553
287041955572887
1453523788220370
108197545136707
119096028761890
140335315980840
113188925211304
401548763232361
100289081891165
1577875215785070
2002302126686060
212154732532462
106136608972955
131200760235928
105398987954337
100139485173138
1955301798066870
1719831411565530
169969219696045
171665853559183
100673342333980
495476023908714
103323065602243
111729988382266
105251007655097
695598467128811
105456031758435
105295282612223
102035655912936
292236501398549
385711432273972
1760303464263440
106076354456835
213867535315880
304925116834805
541145465983100
113305372020002
22796718952
1165144830254650
830554147323144
101541312495169
104131350115740
136274269737212
683763088438926
1565510677058140
120262211370123
493446710673355
1698181843838490
130867890302157
440489949350691
105494198771416
171346694697
224166664450959
172374292940119
126598970843
597856983937773
243876719302179
261805340523972
168845779799611
407308606102475
464717683566791
181176035390238
1414612712091300
181193182360
474863766634995
297831974512
133643100013958
351864695286970
100429659640
110096744130953
100465726826623
281829888816398
1537285043234590
1472573309626930
290983900919424
217889094909743
836621286466543
647114199021525
1394362140801930
215496085497522
818629774913520
1449799808575080
106611637674377
731064723628205
121875567837638
111230200342627
182263681825579
102100532903653
116574171418144
108205369564586
236093326423139
103298358278178
101346318327716
104506135432380
188725535397031
403372146800554
112933538720946
181235622762155
115441906818205
320385468136617
185615174793071
1218301751538900
1567545860174390
561559133896965
180476132565020
107978822615808
118502477898587
107585214152680
817640911655453
971906859524785
262301383891441
106409412456161
139329381605643
146223012094689
860838627368079
853605917991773
100823128608907
1641164856098290
117915674956149
289695564473240
100884005585259
124058434299197
1587958544754770
1080223928685950
403162339719428
654570727955595
1859049427549000
130914513907051
107704758172322
105889151924621
110324752373628
101002281707443
129892183698630
1500812913560680
110584852043088
431190310317087
398557483847791
221269701585
110161444956847
499686306823444
323021408431
347194046123319
281918941862275
149494812412857
549201511776283
136675723048
333037213833776
101565425310983
299025273557278
229687690414154
102559842342962
136137818624888
777124795725920
100588315236974
602187466564627
135226929861342
1391685607741690
129516897590393
145498858809091
100921519100162
100736232713798
280915745356148
211481639319594
1051030135037990
550144675014136
102365182329035
1429271960683690
1475051102621690
854592464682416
117986387855283
103366032666474
110891006935131
222711041563803
110758527874624
1537538043030060
103405575923393
107978451973601
425177991567601
224885476176856
100657075627136
100772540257334
100244546048956
364877590291877
103708485880491
110171681654582
418659708898349
1580054298977320
243145822718608
180558131987076
194017064503423
107947152389334
375201005905872
109083892223776
1572988782930210
143528959166435
354230824941296
1032059583512590
110854010772265
114505874779271
151276881586606
100473749612221
106182771410567
114253621707880
105091108947869
636813713037892
552912881551302
1700685170149070
101678559659382
628119824017299
312742875592300
280621865359167
1151387661701720
216362815405102
597659594096660
101953915084019
488925871156450
342401309954533
187295741396459
57354137747
110171964926222
103657929070933
432639923438743
740485783378355
107924115546335
117639420079624
643571242328859
141252869070
1499120960416510
1410248792551650
935191783157917
1468862976670940
104292628176087
343729749005258
107914335330652
522939278155067
123052531108305
100270601495722
119510769786682
86031426317
305331986737
115681261822779
1527200620680240
106006244510047
1536104053369400
100867695988130
432224770859372
113210214903356
55094049911
1602359636750990
276804039858707
119906038090598
101256612388558
102534331852312
271924699855573
1191920874219180
446243875491579
109195401573339
386000202187549
117026789700417
102286029632237
105033695900536
184338734934871
100296849647108
251314028246337
112489283794971
104466775963751
122106862352002000
169522583256331
112788181308643
100653088353296
415738605850900
1726467164310150
371498196302458
108149890884961
102021288295453
963217313795035
265981606884219
188092188478228
774920295881834
103313571739451
108876447547526
105171274583705
353111418626325
102034738642637
111642567359708
111770918498588
100205055648607
743722549729558
374448049814206
116203270300115
1103374249865590
353026535629756
109133158396442
289891727386
336219870296402
145847439335262
104976268556391
181364031879664
707216876307669
102301054730439
223275444502735
188092731238858
1621675314732600
101992358873360
111047321953821
1881876348697460
293059047952582
209074252765404
284731368565754
184781145764317
113723880445700
1099150673479150
444630259036592
1647034728909630
252538065286859
102885858408602
471502789543463
103209315006377
266906540527669
191300801023648
149238941765086
117129831634800
188978981113478
143880735756470
2017263858289290
107584845027665
204025096385615
117064784822867
459280574138566
1421967511385030
348429268832817
1429696773764950
125363790825265
1661631970750890
161514900886061
102654452419556
1815762785339670
102473265970022
475447935933748
1587588408128180
975478602558380
1596241993998030
328530484182971
261211701029019
108277820531233
231550923589318
877625485607918
1420558851500450
253628241739713
107380931422754
177755362260979
166333036718086
190541680962174
214670238557763
294775997576252
290631338175664
164596223685290
105935384211036
251978888173427
167614207175859
1658853571036120
198242826854679
204489346559062
221342749217479
101493129389222
686783424707349
305002358114
323115134749002
112629680912813
111564522043943
684060724956402
113073298283912
143569448997496
838959852816951
530998426997539
102184015173480
326654200773803
177228259139528
112902181784714
108298409191847
202472460348502
318417781955907
157982554604781
102068472926697
100549329357896
108396675525096
220462661699598
305305102910118
102293361538683
21175558167
110075881708021
210552465733243
107518528343649
223099231075517
102522882015547
181782881852840
1181020462059590
109870954190931
110019820736468
536626853374041
221752201530074
181799528533269
966192870146945
1004583356291770
106849147877483
189368174428098
286145901588790
105769415687900
315903998450869
599693530044525
1796978220597000
1574106936236650
175841549254861
103389002804513
100270015732503
103981052613394
231412711002087
106589505267223
122629654986865
249703931754411
106957715829605
103980101346454
111141015331015
100357379220831
142154269185219
101497309110504
202538623095602
102064794586188
230686533664378
102829942434107
174109099303417
103322744541402
341241296072058
187933994575361
103929865648710
101228229466681
106108372295827
8653129003
106707155594525
382041069373407
107646578091980
2083829505238020
111598177178968
202690700491858
113451492015999
196831867398344
150769248348361
205719740052275
154577424641821
137036673029227
172318846143691
264368806949893
1877727039178380
219478278084051
132621093495836
747047845467081
384604871567462
385525068160990
422555217913165
101353853237359
529581330862618
104358891954120
693361180790090
586003915416077
170268363551461
935767569800022
956826341139679
1418830688172740
135818996473199
1772275982995210
1427622560815450
101517852726982
2101711073476000
232095924357
2054934014615760
311742855560249
107810299267832
162631497413546
133012493393658
499318990099883
165438906825712
103903437768581
213091192051239
106018325482286
446175095407123
131039326952273
2024500654442460
105275288888117
109612988274684
242744296582106
153648751330679
173497942684129
100187722947216
256522908058182
1222729721071810
1456024167977240
186553168053236
152075788281003
100349578605967
230415337151840
102437518013852
104435341141925
1624466687772170
101357615979527
164798303698062
208300550030261
105449494761941
151059548298655
113118398497263
126407297419154
109069927991662
208056062706854
408138285992632
1568686523397690
108882668632389
388555937865319
109701132187139
103146788481725
739943259522744
106812014227664
327550590662102
1461775033855650
311455215724354
100371778827763
388395107974959
154487074613023
484805584956536
107875687272461
1627630824189870
100772806274648
343406039070478
928791477204214
102904898716593
105629976138514
114106438627071
289934544990091
458540557611115
178952698858704
108829590854718
160478193973223
309627912560033
142396145780659
149134821789047
300884497478035
1121855881211780
106462152721591
281705225295327
769823626491020
598215747507135
108589757544900
111366126137321
119770779411716
106518965137385
153868638056393
112095756198145
100630998889397
1060055007494740
1625479151043150
1897573503875220
200198766830034
110734850502048
110593701468782
111984508568283
258269994749143
152032514809244
106662111034429
102807404882412
273668066048404
107820869045400
109134314291583
105690500888541
1080694951956900
1163407460419170
111860708169373
724939227615385
1592994834124740
102745678442816
110490720625131
147374448709527
865320536857609
1910619899063680
104275038426139
1961858854054740
106508845130121
112974311814533
116376084759826
7449677306
109862511250269
109213832279822
304924269573784
336260467136226
1070752186350810
102804359480045
507521666120273
102870829785321
1772252806163950
307829240150367
116186414899997
136606766416948
236425019748902
101144541771016
114678555231484
103892661521344
237417726345612
815107095271883
571531892895746
270370691166
1463461517242750
485833098169771
153372418107694
100750365910434
1544442485873630
1560490957518190
109118952445336
213606154347
113534613424186
650705108305381
105393811976976
1596150747093080
116050728490728
405581002897270
426536228124063
387422734624936
207967345921520
162692247076550
289392287743306
865268613549577
101204505765299
498428216956242
587744221299908
110359520499808
755288401155817
301452130560460
2196272317296750
396711767109704
143736825660518
108037528953250
669769803358652
218102018219371
176093772402164
111739628905384
239671296202
341053205998457
611784122165421
106017178921502
994460070718881
260810793981037
1412606312332420
109551008045656
1401618180075310
2028971824007440
135250523152363
365584070945894
1732475280390550
124815070708298
90875494494
283534229061620
680259252039355
199637453390888
104813625484251
1799205503708180
308743222939825
305912938720
621070218067013
325761997633304
475288296576636
32583114028
101456795317424
107855259041240
127300720638476
106522534839
108453974821157
1478648295728010
1929938010602120
364195913705486
115688645193078
104354139051171
1889637484393850
508185375906534
107085783300228
155586967848114
119141241532641
106043059092294
257729341298947
143744722340096
228894400572976
295480832253441
27444897696
109537444644249
1582289315424470
650764051718889
438674896195885
100361906281420
988745531163044
103027912417879
254372651397368
235593323977680
101662026200429
105204502418649
278654389856
175410512506444
104495380230391
316975165043736
305355172865405
1549262508724240
105816368991173
145167662178978
102497831860696
100588128783673
104286231300034
229262683812779
106294725390028
101071121343961
577525405633941
287015378002205
131225233594165
111638064671914
134811103250936
129898953726638
192537210875514
242463479164906
859717070729834
170476876303359
212980008723733
108332435018014
374725435900653
116647125655738
119681701413738
125218214217619
107224849365085
582496031889909
178459419434210
1055271274516600
395311414005573
1418644771713730
193733178780
101114618702718
105603495174298
335872379847834
569980506418613
577788292321184
1737143659680180
1856758901293290
1774860269395640
142895222782269
268684323208217
382733565235966
336087240521655
396537387495919
915925691797922
1478040042278900
1930416793699400
172812282776284
104788644659426
105524134133102
100238543467038
105851278814388
1600482023562950
1915255578801680
113527085394798
200210006755945
101503952703526
142917995834987
103797919302423
104542181738404
107281545376514
107608369064847
108350025552680
168692533163399
110137568193999
112943325094728
1447114028863030
1571379316505930
336690967153925
294776427206886
1639501616142010
134706636581899
131999323487626
100468529197295
128497573870928
100557159295464
345378716086520
111646100559315
108077878364697
251633442329581
555535991449868
105634782802493
779980672103696
1552331071509780
1723985971178040
185706888035
1534631576849500
269540303217581
278618522800816
111039483773107
2319992888221810
350116415025588
101058713339983
105329182902989
104040464504155
156885938167450
234007677130227
1678263192415840
215299705510566
701857829895741
448313262044528
116598001716044
110282070420292
101092972834382
108809848628557
319560488214744
104382624385142
408339252990827
116077198231666
104917204268172
101274705205618
121001574620071
102524504752617
109365511962059
199295893959624
116645414680876
112840950192838
104376862478558
190560697702108
721696814625978
108853161805942
338612196530358
228513804261543
101124248397473
174046682609247
1498526607115170
791927644235804
101799382839462
362248063864224
266034810098607
438923336296758
1721650861457090
224673943503
207025781356840
535224103249200
217737364909519
100712202541065
103817498730543
101416511801114
268745984998250
1999093813546240
2062159233836570
101389761367673
114430514929983
1562213620770570
110455397389442
106390218771988
186097208510624
103277889402039
384402945037954
103407592323533
736180550051278
382983951756122
1591911061084940
103308805225327
492479814170679
176808088997027
452327408616728
106348131916136
1628228194133400
950268011708616
111628171032486
105250615982482
111575664896844
193496051101564
105040841348260
114177665064225
110538344641272
148096879041263
34771469167
347968122012286
110953617488968
1628544067384560
565001840246456
560634173961065
100278182382314
103121872216969
338517286817049
100757808875565
109407181512149
103679455010175
272035476808902
113225590470900
653442488627720
165769230810042
102474528210621
103117255505286
235752236554735
100886101494532
100928575960944
110260381409605
227187687460730
101189615776761
104006341966535
411282199451605
366499363459500
219715654732763
108455502042928
110494785261239
110867499121553
102863277806862
107580628961364
1702108000083990
117654851311732
2095834494033610
352177508126979
701248039911506
199898950059207
148479745216425
152468118130511
462250900610770
243526615751122
493365094181176
106767518643704
154380734614068
476682379032985
955300741206854
104560425782824
474279846003367
816080848485910
123487754490971
103622511173897
470630839689102
1372507856172470
421788364535095
353226454673
161413177223213
369420253243998
196813107009791
143757524522785
103196024359352
929708213744461
279914235484090
720256751438003
147571995275711
105120366193883
598147676930268
559069094213564
202971296951277
108448700598108
101936251887628
191906917518573
138838493834
112540461891486
1639539163031480
237969809621081
102629046238884
945398825525634
102906015725397
24177987120
1301667719960760
105970165330226
223794591057640
189976367716894
129104443422170
104402642375413
100384445427185
1034331836773560
1005478622869670
103799008949786
112154394720608
104419618043941
191207264366044
103968271935676
124109709988
101919295547814
104083034759138
1631364560473820
284363455838258
420961698447484
650225458453460
101186092059360
1001207716645220
231828596883085
212868089317913
519075048207612
153285058036473
221572755099066
427482024056941
121105927908540
110499841960975
742731325840862
428239037295698
201125793772524
110927327474512
1895313904072880
106383204705048
128543450552094
100503453007713
565764130103172
1522792171172770
110146547416069
311033825696425
130091350343019
527194514089238
107503588642379
2154091758189800
115445681890487
224934364270965
1392235017667880
101354305389614
231948050155036
646979188682524
394817517745993
1721308718092460
210071432360559
1837221803012780
100730881561874
102295861740146
100579695736415
109982185325450
101334826373379
110106518767459
180997058645436
499941657044285
418659975547726
350533768378472
1781733865396570
7048596762
390625868034924
187025958042235
286674888114235
106886849070089
1618832765059950
560968343962512
275106112843030
1734567273452520
35674153439
150858033482
109118138433844
207069882831413
101728235469990
106296302525208
1845454489024020
130767000903000
500380110132986
452873851392370
1737683326266570
153186031433254
103257528578568
309615586132323
2335827149800650
293644361047062
243935755678971
1764644560452550
2230566737176480
1658935154359240
106199466088850
863636930335611
170667483009978
109454621415326
310682158997718
286463321387312
105843876111866
644477445578257
1391666134495070
109687249113317
165839576831658
1742760352688180
466194883447974
2000262883600000
104023838141486
177658905708720
1297798747008290
116266733142759
262483678001528
113132970551858
1082887325152150
332717142243
594658010579408
259744114057049
642917235909127
137903526281236
147662421951537
109202405771182
100158225930554
190067044339247
494900900570902
101601733235647
107438605953485
614827175339292
438342002904937
100511155569645
709468579076916
473904149842112
105473338426395
250531935024676
111337337272916
208852185991643
2344714599093680
296294640429183
297971360359409
167723206685372
102377212088439
357040771030169
1228291643851520
745953358911990
461886793846592
536115003416711
680889955311687
202945146988272
791637380940809
418060084942394
348165062426424
394537670578805
1430736683882600
248434311888212
111879050537143
1085963894819770
105444994622451
384264581650476
1432414350113770
102049704882397
112855691666863
105519840867392
195813970579142
158784529657
111713185080492
31491198569
114594431139760
103133398585357
1693346974216450
109203149136326
211094198929416
554296144774076
785671281518664
111903363621272
104900831317876
984522121572402
164129963783786
403747096911739
1190702971015940
167805496728337
1028677990626100
164972950237929
100588405499592
26036819170
1096511617183860
185655742003
104570772705399
101891338739484
107390043945087
159522954597198
309884945848546
402237963681863
104510839164181
924030581028814
351345165541434
142225359819935
172934652870211
1263930520300340
116952802250786
694800280942109
103027701865014
860281990674988
188234268051653
342521405768044
1757476631151370
207752686439700
142129315864916
705979746116348
54913971305
108642088633561
111889891904249
196964450322193
114940586930253
1527883210838900
140333331408
871434036205341
1501360900179650
731230313562954
209521015773813
106072876176063
747621588605189
1447463245487490
198686750155366
127263417450212
101275955117404
104852626252527
216143588505911
110543128369228
108639941713473
108231224875385
100420305468519
1232891530177700
105295568494188
1795599090511940
522056854504068
104952778161187
972617319418772
103092192704406
205122276213198
1048860468471470
487353431750191
120531508619549
102736005552264
114509380355354
258571994655813
114153700452848
235594256580270
37139989294
102962142056665
112700307099773
343354062403743
188543929370412
144708115618273
278513088286
174947699324382
190284283704
124120290989171
156010984419811
117947588015294
131520566915009
129367793808335
158346704210687
1582474008643420
102287061607304
777524585751673
109940422103864
302242416828876
109625652417162
107157201965292
338695063732609
297350643665622
983944598377645
285513612194956
357822570896736
1538861339511390
223988684408438
107281538631889
348207398565661
337733523557563
191451594351058
103963706030511
144246592273210
103085594961666
137320092951370
183804024965640
376324915723709
1435725243306820
1701083060118880
100750155174375
137524772977370
100710296441847
1696003043978770
129408909285
964909606872163
535448233203776
102623601867269
733383186998477
351331551565808
270347846441949
109952942042688
103506041563406
130069183676452
101815864700416
101700655742269
246169159306779
108250581878127
106360155389448
109032367948799
422551731118315
108208525331926
1464173103839880
1595193467389250
132919226740986
102475872485095
108886893966243
784433361642337
1954669351433140
529965733682181
285688834975789
101142561494620
214704875319984
980249542070892
1455282161372430
111581828867128
108736302304858
44120511270
150499795015132
106723222276594
146042728898923
883409635333194
110516994887199
101173056075977
464443020255593
127701987291262
106285318257701
109323517214686
488402587880054
104624402508915
243178836147198
154494187902142
405166522904082
399179210152049
1597162503868900
193691864655212
366008447487919
599362680228885
101138797970309
106927541164993
296063984439005
109951985330001
442456266598907
133227233937674
226875824379221
107650257372785
1267580006636800
172790039491606
1594770790788160
117348666769402
108760455391833
464209810436780
102697345208709
182106088581337
123761464320458
386769398076186
21502613252
1485581544909580
563247024113773
219738351417806
138903339467576
157529174309014
401391210414047
110251129329846
101338188919878
114971215002591
107368825527290
55376703312
1150079751730540
197794813625216
434590179980756
102964625131098
436545199732864
184099251787861
105266235466526
1388375808095060
115605574761219
307104542665763
102221646177544
107174008177357
353855422360850
110340768366733
199001630121115
172676321135186
353756311459790
119856619409130
102831319022353
1593092827385830
222277061537902
1409870715916260
691828744534388
21462335606
102130316188912
545495782279633
139894092724138
107294502672301
111849557817806
135589726462848
400354659978203
105698702032545
464862990558436
597436093764211
109771783774755
118027094513208
1706288402981570
1997840313805000
105311175647630
240020396049960
110553231302844
116479883512874
210699625686388
470254599995917
1971583233112540
428356317238462
2077217472593600
113683507076488
114687384865440
109631838862173
618137351852131
101431604889823
110309880385743
555556501462350
759937360839226
103864425312722
992695187425449
173139536630341
100323169377370
123895854295634
443121265844537
260710827615533
1057740277597380
298443813975816
207070195975905
105150497692654
818830128194072
130187787013044
514843238552437
943527135841672
1561483524091580
112373051817555
480318689126884
177993148882424
103879016136766
100719019117028
141050392609330
455944554451677
114034193707647
1151620861627410
245241379142144
333794626754618
134838346639201
612579038841229
1419279144828590
112564941703161
950855381671101
106022641676633
104521974536673
100182818735267
472608072942257
233836682474
6374922950
101018202819189
210893975728569
271333900149668
263138374124958
1631968440410600
128563527202574
111781290733100
1738891323052100
1521014228126720
114183344616295
131800146834744
148309875201314
118396738182747
234070550012673
270441679725599
100911052043767
295399347209294
1486976264912820
422887431184246
993197410812450
30360225984
415045445198438
201253623336607
131927386845394
168021899885291
1490270337884500
157358887613916
252596181554530
193029311038929
750575158391246
942051069190794
1678982329006800
156202887913913
103779862993477
164588006930193
628126110619429
105853739950
101591871725342
433456323861307
106642150118852
103880099294197
527233970632895
173379222725894
101928777954266
1533839276908000
577154595767836
102591145195950
104092262122392
264670233592036
105237799154388
104500490992028
1105226716203550
318778578136767
870605673023637
197233860328608
688097427962714
113043455378916
916528148422616
219697198086754
371535416332391
414853198561996
631439523627929
300315663816109
112291438782818
483496158790170
112694632147868
188519491212490
587853528009402
646475922179996
107942831464697
506211749430976
127254004034460
1414975608799370
124394004277741
416327781905551
329533530439925
404702442878772
141849216645179
162390350485912
109801434745304
107579720837722
113838140300542
1594231600835770
115984013605324
1570272996526230
384247292300733
101604748057907
156770577727158
517877641689330
1795580810672560
109374418649434
107691512065022
369655296422093
110334699109289
1787171324677410
144557602248863
103375495277671
190820108069350
1276633529085490
296209907083345
381992595207916
101202435799186
111495623755781
180387102019436
293678184086551
624724444338840
156689651077642
728254084232254
102622994907490
109607412396462
121736011171682
751561318237893
251627594999707
110141125022329
158216510856404
179673377017865
703170753093547
51305137016
1603336939928950
136564726361399
134830099921279
1717843305096350
1007794742600620
186647011504457
109578042401774
195819583784744
148715668554673
160796583976334
109964747075106
101138509016855
222566917792475
105017586814384
596685804183615
277309362382992
104888858813016
144383192238630
111866668477366
151913301648370
156971051010759
108684922551502
1739470579598770
190749960939389
2025410707726360
539519839461955
295874857169694
225597950831909
151369908231405
489459974420488
114601204904212
154555177909288
485869408122895
119704938367425
1863360150576710
106083742763027
109756878619533
2334998146725250
440922905944566
206989842660165
377356921631
259991607386376
145221572182562
312475125764773
1373851572652050
2361962607163150
103235235674120
307004169493
103738349073143
957249181101053
509432732520794
228617743901415
49708994370
1942739289356640
452092938968857
628942393809404
126724750687055
256345681774545
174222239919277
645943982171910
134346256617639
1032792233590460
281908938487846
105055534418707
226254054082337
258539794712168
158165390912016
1890816301229130
172806652795178
710676079034537
142634175760542
1094159244048740
511703215622172
788496484566432
123625137687879
547283768654300
300193620040266
129793527055500
104752759042225
2656053481287270
100484981808609
121670587538310
55888314854
218108351889397
2227174694278170
381024442325430
174750562591281
69693334363
263342344603561
111345435548514
143888452354129
586347148489234
110160520500071
490763451003465
206063202804558
1030869666987800
229714167915485
219857801374993
110250954084535
142053419259025
127975437220703
109692521642698
159194631078946
92695136631
204960256183578
231991637267006
402694233120469
103428872785232
1237096196365090
104428059648388
135007326569281
289561174410794
591834520854756
385194404869909
268889503159531
1555021824772320
285783535529077
104143402955028
1705355123025210
371965319522841
156978084490478
545826358816326
113978513306531
484130348276899
184646161568938
107336454523972
103676168413572
347167764041
967139623346699
109896923979476
780293808688433
657126161078629
115371531871843
108211842194692
120347968005805
110770612303802
280759645286295
112960930611456
110297223931263
690456961403342
100429765898415
34126834504
330599393668941
1447591818668930
1461307967488400
393827533985222
237008643085645
1008285715870210
124010031087061
367381889954908
610928346089777
382995799225943
105729771520879
315716085279719
461918030560601
121047737912523
100212829571593
35185336604
103073082142317
1416005325138380
341718792566715
198029760224681
506235006080646
317371555661166
106933067371630
710794703044878
5501894985
157219167639757
516431861709917
158640587514231
457780574353562
164792833533135
192779530759354
223881654665802
1503396396578140
1714966878723340
113076749249056
102978165247457
1180146462044100
1654933414768740
102099092295308
232391640152837
1482272298738500
101288714944941
1470458996553030
223307677679291
242744059169409
486530604728526
2137664026281130
154812271277151
288907211574087
517642045392365
157834141000970
2316087455142720
152588568226164
117409554709695
121375007919645
202060389853657
169256983124423
253480128181383
912291535520914
102182521644622
1838753913063830
1484076185236900
100483159433922
152755281431366
485249804829517
106771441507890
109346503879124
734339286701224
1227466570616090
329155340524174
260109134176694
166197090223941
7066006795
178483368864418
505657662886259
903296543207963
301293977327077
193735807940263
100557349439683
489238357826996
103749319095967
167799423279513
104248169358959
1063601527085290
939255469589948
169409346890564
659428740750760
510904452267517
331231947236819
1836153829975300
145600168837975
558000381006964
100723801305430
851171488265919
102253226000408
201986639811652
122773270911371
948229948550485
130882923653911
135735149863395
161373030584289
120027632038355
169478129778469
219761075056572
1696406217268360
1543430465971390
541877935954872
102333992318947
370768823071564
39438107028
1404786543089430
102540662878931
101093208865477
1624574567817160
2293475114226200
1956303984635710
174961325917999
454370645015830
157644428297178
147955872495066
100169821677882
688049501553221
1485352951750180
499974736813715
2348024648760230
115803744900647
208164812664591
113405404447099
860646324025722
742558822456665
337719952935897
109033995823646
102670718017704
141445669380792
139610582817224
101135325488888
102888732284574
520308978111834
1464799820454580
265049487591139
251357484986166
103723691350616
141385232554416
1345111015557930
112451233543910
184203258282472
125752630451309
619052184904608
1871733639735180
630453507005355
63568368220
799500043517484
220959437916498
194884431178954
150533011745468
110120940862695
114856778578468
918475545021683
356009421157648
275390732619820
405220349574048
100639829237885
1530311250563720
197246497570021
226936080704931
112742310451481
100619549123311
108147735607694
113932257041474
827818237337055
194063724080091
101339544944654
590276957812499
106786192128952
114222200490425
168917260391518
105972362353466
110006345510389
106891044512857
181831091868972
224348631021276
474003916050513
218242874068
1941126899442480
392487488223890
1752816821444570
137962576233754
102437168680465
607832692573367
497207830367164
103662128611013
1920010981652230
188869499734
538185419559098
974218489336808
681327631934718
183254831747722
101141278176628
406949709821043
480477758641480
113795868727101
536667323113683
1551534598400560
100381079126965
1476475406002210
229368077744810
114999557031832
590433561092201
1974644242764290
312011012947
100260224774069
1533674230053740
101277532718567
200787889225
567691480232755
219720818048212
908882689202743
384348492098248
953968631296040
291624881620443
199421783856503
437122473089244
644581338886889
113819867014293
674284466307341
362152793795380
271503650434652
159889137455945
101973211847953
106152998740796
347477362093243
113438768214828
164595376931097
1636230053284070
147450625302394
106231411011068
101481913002243
115011718536164
1805580709659140
109018835008749
278334535881452
164349503993575
100173263048656
106518522413329
106784228492089
207955692678258
111290868031604
113507325044554
193333984837577
109352937310115
118966898137530
7133389605
117290548119269
1605340139722610
284190085537404
180415718673469
1099933920145460
248287158566831
549374205130142
332829211504430
529490037090326
425525954933805
251892758298470
604559893294517
2152188681773780
418667681495078
460335691468335
106713624463453
157969914285542
108604720601931
101956478805417
130598103679291
228824203973110
453378211368381
